N	Z	A	Symb	D (keV)
0	0	0	g	0.
1	0	1	n	8071.3171
0	1	1	H	7288.9705
1	1	2	H	13135.72158
2	1	3	H	14949.806
1	2	3	He	14931.21475
0	3	3	Li	28667.01
3	1	4	H	25901.518
2	2	4	He	2424.91565
1	3	4	Li	25323.185
4	1	5	H	32892.44
3	2	5	He	11386.233
2	3	5	Li	11678.886
1	4	5	Be	37996.01
5	1	6	H	41863.757
4	2	6	He	17595.106
3	3	6	Li	14086.793
2	4	6	Be	18374.947
1	5	6	B	43603.01
6	1	7	H	49135.01
5	2	7	He	26101.038
4	3	7	Li	14908.141
3	4	7	Be	15770.034
2	5	7	B	27868.346
6	2	8	He	31598.044
5	3	8	Li	20946.844
4	4	8	Be	4941.672
3	5	8	B	22921.49
2	6	8	C	35094.06
7	2	9	He	40939.429
6	3	9	Li	24954.264
5	4	9	Be	11347.648
4	5	9	B	12415.681
3	6	9	C	28910.491
8	2	10	He	48809.203
7	3	10	Li	33050.581
6	4	10	Be	12606.67
5	5	10	B	12050.731
4	6	10	C	15698.682
3	7	10	N	38800.148
8	3	11	Li	40797.31
7	4	11	Be	20174.064
6	5	11	B	8667.931
5	6	11	C	10650.342
4	7	11	N	24303.569
9	3	12	Li	50096.01
8	4	12	Be	25076.506
7	5	12	B	13368.899
6	6	12	C	0
5	7	12	N	17338.082
4	8	12	O	32047.954
9	4	13	Be	33247.823
8	5	13	B	16562.166
7	6	13	C	3125.01129
6	7	13	N	5345.481
5	8	13	O	23112.428
10	4	14	Be	39954.498
9	5	14	B	23663.683
8	6	14	C	3019.89305
7	7	14	N	2863.41704
6	8	14	O	8007.356
5	9	14	F	32658.01
11	4	15	Be	49798.01
10	5	15	B	28972.278
9	6	15	C	9873.144
8	7	15	N	101.43805
7	8	15	O	2855.605
6	9	15	F	16775.372
12	4	16	Be	57678.01
11	5	16	B	37081.686
10	6	16	C	13694.129
9	7	16	N	5683.658
8	8	16	O	-4737.00141
7	9	16	F	10680.254
6	10	16	Ne	23996.462
12	5	17	B	43770.816
11	6	17	C	21038.832
10	7	17	N	7871.368
9	8	17	O	-808.813
8	9	17	F	1951.701
7	10	17	Ne	16460.901
13	5	18	B	52322.01
12	6	18	C	24926.178
11	7	18	N	13114.466
10	8	18	O	-781.522
9	9	18	F	873.701
8	10	18	Ne	5317.166
7	11	18	Na	24189.968
14	5	19	B	59364.01
13	6	19	C	32420.666
12	7	19	N	15862.129
11	8	19	O	3334.87
10	9	19	F	-1487.386
9	10	19	Ne	1751.44
8	11	19	Na	12926.808
7	12	19	Mg	33040.092
14	6	20	C	37557.61
13	7	20	N	21765.11
12	8	20	O	3797.462
11	9	20	F	-17.404
10	10	20	Ne	-7041.93131
9	11	20	Na	6847.719
8	12	20	Mg	17570.348
15	6	21	C	45960.01
14	7	21	N	25251.164
13	8	21	O	8062.906
12	9	21	F	-47.551
11	10	21	Ne	-5731.776
10	11	21	Na	-2184.161
9	12	21	Mg	10910.506
8	13	21	Al	26119.01
16	6	22	C	53281.01
15	7	22	N	32038.675
14	8	22	O	9284.152
13	9	22	F	2793.378
12	10	22	Ne	-8024.715
11	11	22	Na	-5182.436
10	12	22	Mg	-396.963
9	13	22	Al	18183.01
8	14	22	Si	32164.01
16	7	23	N	38396.01
15	8	23	O	14612.96
14	9	23	F	3329.747
13	10	23	Ne	-5154.045
12	11	23	Na	-9529.85358
11	12	23	Mg	-5473.766
10	13	23	Al	6769.57
9	14	23	Si	23772.01
17	7	24	N	47543.01
16	8	24	O	19070.4
15	9	24	F	7559.527
14	10	24	Ne	-5951.521
13	11	24	Na	-8418.114
12	12	24	Mg	-13933.567
11	13	24	Al	-56.946
10	14	24	Si	10754.673
9	15	24	P	31997.01
18	7	25	N	56504.01
17	8	25	O	27442.01
16	9	25	F	11272.706
15	10	25	Ne	-2108.075
14	11	25	Na	-9357.818
13	12	25	Mg	-13192.826
12	13	25	Al	-8916.172
11	14	25	Si	3824.318
10	15	25	P	18872.01
18	8	26	O	35713.01
17	9	26	F	18271.772
16	10	26	Ne	429.611
15	11	26	Na	-6862.316
14	12	26	Mg	-16214.582
13	13	26	Al	-12210.309
12	14	26	Si	-7144.632
11	15	26	P	10973.01
10	16	26	S	25970.01
19	8	27	O	44954.01
18	9	27	F	24926.86
17	10	27	Ne	7069.949
16	11	27	Na	-5517.436
15	12	27	Mg	-14586.651
14	13	27	Al	-17196.658
13	14	27	Si	-12384.301
12	15	27	P	-717.03
11	16	27	S	17543.01
20	8	28	O	53850.01
19	9	28	F	33226.01
18	10	28	Ne	11244.601
17	11	28	Na	-989.247
16	12	28	Mg	-15018.641
15	13	28	Al	-16850.441
14	14	28	Si	-21492.79678
13	15	28	P	-7158.753
12	16	28	S	4073.203
11	17	28	Cl	26557.01
20	9	29	F	40296.01
19	10	29	Ne	18057.881
18	11	29	Na	2665.004
17	12	29	Mg	-10619.032
16	13	29	Al	-18215.322
15	14	29	Si	-21895.046
14	15	29	P	-16952.626
13	16	29	S	-3159.582
12	17	29	Cl	13143.01
21	9	30	F	48903.01
20	10	30	Ne	23102.025
19	11	30	Na	8361.09
18	12	30	Mg	-8910.672
17	13	30	Al	-15872.419
16	14	30	Si	-24432.928
15	15	30	P	-20200.575
14	16	30	S	-14062.532
13	17	30	Cl	4443.01
12	18	30	Ar	20083.01
22	9	31	F	56289.01
21	10	31	Ne	30842.01
20	11	31	Na	12654.768
19	12	31	Mg	-3217.38
18	13	31	Al	-14953.628
17	14	31	Si	-22949.006
16	15	31	P	-24440.885
15	16	31	S	-19044.648
14	17	31	Cl	-7067.165
13	18	31	Ar	11293.01
22	10	32	Ne	37278.01
21	11	32	Na	19064.478
20	12	32	Mg	-954.781
19	13	32	Al	-11061.966
18	14	32	Si	-24080.907
17	15	32	P	-24305.218
16	16	32	S	-26015.697
15	17	32	Cl	-13329.771
14	18	32	Ar	-2200.204
13	19	32	K	20418.01
23	10	33	Ne	45997.01
22	11	33	Na	24889.293
21	12	33	Mg	4894.07
20	13	33	Al	-8529.377
19	14	33	Si	-20492.662
18	15	33	P	-26337.486
17	16	33	S	-26585.994
16	17	33	Cl	-21003.432
15	18	33	Ar	-9384.141
14	19	33	K	6763.01
24	10	34	Ne	53121.01
23	11	34	Na	32761.01
22	12	34	Mg	8808.603
21	13	34	Al	-2932.495
20	14	34	Si	-19956.77
19	15	34	P	-24557.669
18	16	34	S	-29931.788
17	17	34	Cl	-24439.776
16	18	34	Ar	-18377.217
15	19	34	K	-1481.01
14	20	34	Ca	13153.01
24	11	35	Na	39582.01
23	12	35	Mg	16152.01
22	13	35	Al	-130.19
21	14	35	Si	-14360.307
20	15	35	P	-24857.74
19	16	35	S	-28846.356
18	17	35	Cl	-29013.54
17	18	35	Ar	-23047.411
16	19	35	K	-11168.9
15	20	35	Ca	4602.01
25	11	36	Na	47953.01
24	12	36	Mg	21424.01
23	13	36	Al	5781.974
22	14	36	Si	-12482.507
21	15	36	P	-20250.977
20	16	36	S	-30664.075
19	17	36	Cl	-29521.857
18	18	36	Ar	-30231.54
17	19	36	K	-17426.171
16	20	36	Ca	-6439.359
15	21	36	Sc	13898.01
26	11	37	Na	55275.01
25	12	37	Mg	29249.01
24	13	37	Al	9946.326
23	14	37	Si	-6579.998
22	15	37	P	-18994.145
21	16	37	S	-26896.36
20	17	37	Cl	-31761.532
19	18	37	Ar	-30947.659
18	19	37	K	-24800.199
17	20	37	Ca	-13161.76
16	21	37	Sc	2841.01
26	12	38	Mg	34996.01
25	13	38	Al	16050.594
24	14	38	Si	-4067.274
23	15	38	P	-14757.82
22	16	38	S	-26861.197
21	17	38	Cl	-29798.097
20	18	38	Ar	-34714.551
19	19	38	K	-28800.691
18	20	38	Ca	-22059.22
17	21	38	Sc	-4937.01
16	22	38	Ti	9101.01
27	12	39	Mg	43568.01
26	13	39	Al	21396.417
25	14	39	Si	1928.205
24	15	39	P	-12873.735
23	16	39	S	-23162.245
22	17	39	Cl	-29800.203
21	18	39	Ar	-33242.011
20	19	39	K	-33807.011
19	20	39	Ca	-27274.4
18	21	39	Sc	-14168.021
17	22	39	Ti	1500.01
28	12	40	Mg	50235.01
27	13	40	Al	29295.01
26	14	40	Si	5467.052
25	15	40	P	-8106.838
24	16	40	S	-22866.568
23	17	40	Cl	-27557.81
22	18	40	Ar	-35039.89602
21	19	40	K	-33535.205
20	20	40	Ca	-34846.275
19	21	40	Sc	-20523.228
18	22	40	Ti	-8850.275
17	23	40	V	10330.01
28	13	41	Al	35704.01
27	14	41	Si	13562.553
26	15	41	P	-5276.508
25	16	41	S	-19019.105
24	17	41	Cl	-27307.189
23	18	41	Ar	-33067.467
22	19	41	K	-35559.074
21	20	41	Ca	-35137.759
20	21	41	Sc	-28642.392
19	22	41	Ti	-15700.01
18	23	41	V	-205.01
29	13	42	Al	43678.01
28	14	42	Si	18434.01
27	15	42	P	938.865
26	16	42	S	-17677.503
25	17	42	Cl	-24912.99
24	18	42	Ar	-34422.675
23	19	42	K	-35021.556
22	20	42	Ca	-38547.072
21	21	42	Sc	-32121.239
20	22	42	Ti	-25121.552
19	23	42	V	-8169.01
18	24	42	Cr	5990.01
29	14	43	Si	26697.01
28	15	43	P	5765.948
27	16	43	S	-11965.235
26	17	43	Cl	-24168.168
25	18	43	Ar	-32009.808
24	19	43	K	-36593.239
23	20	43	Ca	-38408.639
22	21	43	Sc	-36187.929
21	22	43	Ti	-29321.103
20	23	43	V	-18024.01
19	24	43	Cr	-2133.01
30	14	44	Si	32844.01
29	15	44	P	12100.01
28	16	44	S	-9116.168
27	17	44	Cl	-20231.052
26	18	44	Ar	-32673.053
25	19	44	K	-35809.606
24	20	44	Ca	-41468.479
23	21	44	Sc	-37816.093
22	22	44	Ti	-37548.459
21	23	44	V	-24116.38
20	24	44	Cr	-13461.01
19	25	44	Mn	6399.01
30	15	45	P	17903.01
29	16	45	S	-3252.672
28	17	45	Cl	-18362.647
27	18	45	Ar	-29770.589
26	19	45	K	-36608.186
25	20	45	Ca	-40811.95
24	21	45	Sc	-41067.792
23	22	45	Ti	-39005.737
22	23	45	V	-31879.629
21	24	45	Cr	-18965.218
20	25	45	Mn	-5114.01
19	26	45	Fe	13579.01
31	15	46	P	25504.01
30	16	46	S	699.01
29	17	46	Cl	-14708.253
28	18	46	Ar	-29720.127
27	19	46	K	-35418.323
26	20	46	Ca	-43135.077
25	21	46	Sc	-41757.115
24	22	46	Ti	-44123.422
23	23	46	V	-37073.013
22	24	46	Cr	-29473.742
21	25	46	Mn	-12370.01
20	26	46	Fe	755.01
31	16	47	S	8002.01
30	17	47	Cl	-10517.01
29	18	47	Ar	-25907.836
28	19	47	K	-35696.272
27	20	47	Ca	-42340.123
26	21	47	Sc	-44332.121
25	22	47	Ti	-44932.394
24	23	47	V	-42002.051
23	24	47	Cr	-34558.385
22	25	47	Mn	-22263.01
21	26	47	Fe	-6623.01
20	27	47	Co	10703.01
32	16	48	S	13199.01
31	17	48	Cl	-4704.01
30	18	48	Ar	-23716.01
29	19	48	K	-32123.935
28	20	48	Ca	-44214.129
27	21	48	Sc	-44496.101
26	22	48	Ti	-48487.727
25	23	48	V	-44475.385
24	24	48	Cr	-42819.18
23	25	48	Mn	-29323.431
22	26	48	Fe	-18160.01
21	27	48	Co	1639.01
20	28	48	Ni	18397.01
33	16	49	S	22001.01
32	17	49	Cl	298.01
31	18	49	Ar	-18146.01
30	19	49	K	-30319.265
29	20	49	Ca	-41289.265
28	21	49	Sc	-46552.368
27	22	49	Ti	-48558.799
26	23	49	V	-47956.943
25	24	49	Cr	-45330.484
24	25	49	Mn	-37615.586
23	26	49	Fe	-24582.01
22	27	49	Co	-9576.01
21	28	49	Ni	8998.01
33	17	50	Cl	7303.01
32	18	50	Ar	-14503.01
31	19	50	K	-25352.141
30	20	50	Ca	-39570.832
29	21	50	Sc	-44536.885
28	22	50	Ti	-51426.672
27	23	50	V	-49221.554
26	24	50	Cr	-50259.499
25	25	50	Mn	-42626.814
24	26	50	Fe	-34475.541
23	27	50	Co	-17195.01
22	28	50	Ni	-3791.01
34	17	51	Cl	13497.01
33	18	51	Ar	-7797.01
32	19	51	K	-22002.01
31	20	51	Ca	-35863.251
30	21	51	Sc	-43218.184
29	22	51	Ti	-49727.849
28	23	51	V	-52201.383
27	24	51	Cr	-51448.807
26	25	51	Mn	-48241.341
25	26	51	Fe	-40222.341
24	27	51	Co	-27274.01
23	28	51	Ni	-11439.01
34	18	52	Ar	-2999.01
33	19	52	K	-16199.01
32	20	52	Ca	-32509.141
31	21	52	Sc	-40356.541
30	22	52	Ti	-49464.837
29	23	52	V	-51441.31
28	24	52	Cr	-55416.933
27	25	52	Mn	-50705.444
26	26	52	Fe	-48331.615
25	27	52	Co	-33916.01
24	28	52	Ni	-22654.01
23	29	52	Cu	-2627.01
35	18	53	Ar	4602.01
34	19	53	K	-11998.01
33	20	53	Ca	-27898.01
32	21	53	Sc	-37623.01
31	22	53	Ti	-46828.839
30	23	53	V	-51848.839
29	24	53	Cr	-55284.741
28	25	53	Mn	-54687.904
27	26	53	Fe	-50945.323
26	27	53	Co	-42644.824
25	28	53	Ni	-29370.01
24	29	53	Cu	-13460.01
35	19	54	K	-5403.01
34	20	54	Ca	-23893.01
33	21	54	Sc	-34218.841
32	22	54	Ti	-45594.395
31	23	54	V	-49890.954
30	24	54	Cr	-56932.545
29	25	54	Mn	-55555.37
28	26	54	Fe	-56252.456
27	27	54	Co	-48009.541
26	28	54	Ni	-39210.779
25	29	54	Cu	-21694.01
24	30	54	Zn	-6567.01
36	19	55	K	-270.01
35	20	55	Ca	-18118.01
34	21	55	Sc	-29580.571
33	22	55	Ti	-41670.332
32	23	55	V	-49151.491
31	24	55	Cr	-55107.491
30	25	55	Mn	-57710.58
29	26	55	Fe	-57479.368
28	27	55	Co	-54027.557
27	28	55	Ni	-45335.579
26	29	55	Cu	-31624.01
25	30	55	Zn	-14923.01
36	20	56	Ca	-13441.01
35	21	56	Sc	-25271.01
34	22	56	Ti	-38936.785
33	23	56	V	-46080.109
32	24	56	Cr	-55281.245
31	25	56	Mn	-56909.71
30	26	56	Fe	-60605.352
29	27	56	Co	-56039.352
28	28	56	Ni	-53903.674
27	29	56	Cu	-38601.01
26	30	56	Zn	-25728.01
25	31	56	Ga	-4741.01
37	20	57	Ca	-7120.01
36	21	57	Sc	-20688.01
35	22	57	Ti	-33543.903
34	23	57	V	-44188.742
33	24	57	Cr	-52524.14
32	25	57	Mn	-57486.8
31	26	57	Fe	-60180.13
30	27	57	Co	-59344.204
29	28	57	Ni	-56081.969
28	29	57	Cu	-47309.576
27	30	57	Zn	-32800.01
26	31	57	Ga	-15901.01
37	21	58	Sc	-15174.01
36	22	58	Ti	-30767.01
35	23	58	V	-40208.743
34	24	58	Cr	-51834.726
33	25	58	Mn	-55906.827
32	26	58	Fe	-62153.418
31	27	58	Co	-59845.868
30	28	58	Ni	-60227.694
29	29	58	Cu	-51662.055
28	30	58	Zn	-42297.694
27	31	58	Ga	-23986.01
26	32	58	Ge	-8374.01
38	21	59	Sc	-10042.01
37	22	59	Ti	-25216.01
36	23	59	V	-37066.562
35	24	59	Cr	-47891.49
34	25	59	Mn	-55479.562
33	26	59	Fe	-60663.114
32	27	59	Co	-62228.412
31	28	59	Ni	-61155.65
30	29	59	Cu	-56357.224
29	30	59	Zn	-47260.499
28	31	59	Ga	-34121.01
27	32	59	Ge	-17000.01
39	21	60	Sc	-3996.01
38	22	60	Ti	-21648.01
37	23	60	V	-32577.268
36	24	60	Cr	-46503.876
35	25	60	Mn	-53177.832
34	26	60	Fe	-61411.832
33	27	60	Co	-61649.012
32	28	60	Ni	-64472.079
31	29	60	Cu	-58344.099
30	30	60	Zn	-54187.768
29	31	60	Ga	-39998.01
28	32	60	Ge	-27768.01
27	33	60	As	-6399.01
39	22	61	Ti	-15649.01
38	23	61	V	-29361.01
37	24	61	Cr	-42180.653
36	25	61	Mn	-51555.736
35	26	61	Fe	-58921.391
34	27	61	Co	-62898.422
33	28	61	Ni	-64220.892
32	29	61	Cu	-61983.64
31	30	61	Zn	-56345.48
30	31	61	Ga	-47090.48
29	32	61	Ge	-33729.01
28	33	61	As	-18052.01
40	22	62	Ti	-11653.01
39	23	62	V	-24424.01
38	24	62	Cr	-40414.553
37	25	62	Mn	-48038.804
36	26	62	Fe	-58900.749
35	27	62	Co	-61431.505
34	28	62	Ni	-66746.096
33	29	62	Cu	-62797.837
32	30	62	Zn	-61171.431
31	31	62	Ga	-52000.431
30	32	62	Ge	-42243.01
29	33	62	As	-24964.01
41	22	63	Ti	-5198.01
40	23	63	V	-20912.01
39	24	63	Cr	-35527.01
38	25	63	Mn	-46351.151
37	26	63	Fe	-55545.834
36	27	63	Co	-61840.387
35	28	63	Ni	-65512.556
34	29	63	Cu	-65579.531
33	30	63	Zn	-62213.025
32	31	63	Ga	-56547.093
31	32	63	Ge	-46910.01
30	33	63	As	-33823.01
41	23	64	V	-15398.01
40	24	64	Cr	-33152.01
39	25	64	Mn	-42616.698
38	26	64	Fe	-54770.668
37	27	64	Co	-59792.686
36	28	64	Ni	-67099.277
35	29	64	Cu	-65424.243
34	30	64	Zn	-66003.595
33	31	64	Ga	-58834.328
32	32	64	Ge	-54349.881
31	33	64	As	-39521.01
42	23	65	V	-11252.01
41	24	65	Cr	-27796.01
40	25	65	Mn	-40672.693
39	26	65	Fe	-50877.951
38	27	65	Co	-59169.934
37	28	65	Ni	-65126.052
36	29	65	Cu	-67263.661
35	30	65	Zn	-65911.599
34	31	65	Ga	-62657.173
33	32	65	Ge	-56414.625
32	33	65	As	-46981.01
31	34	65	Se	-32919.01
42	24	66	Cr	-24796.01
41	25	66	Mn	-36254.01
40	26	66	Fe	-49573.517
39	27	66	Co	-56111.332
38	28	66	Ni	-66006.285
37	29	66	Cu	-66258.274
36	30	66	Zn	-68899.427
35	31	66	Ga	-63724.427
34	32	66	Ge	-61624.427
33	33	66	As	-51502.304
32	34	66	Se	-41722.01
43	24	67	Cr	-19049.01
42	25	67	Mn	-33403.01
41	26	67	Fe	-45692.348
40	27	67	Co	-55061.049
39	28	67	Ni	-63742.68
38	29	67	Cu	-67318.779
37	30	67	Zn	-67880.441
36	31	67	Ga	-66879.683
35	32	67	Ge	-62657.81
34	33	67	As	-56647.81
33	34	67	Se	-46491.01
32	35	67	Br	-32798.01
43	25	68	Mn	-28597.01
42	26	68	Fe	-43128.173
41	27	68	Co	-51350.415
40	28	68	Ni	-63463.815
39	29	68	Cu	-65567.035
38	30	68	Zn	-70007.22
37	31	68	Ga	-67086.12
36	32	68	Ge	-66979.785
35	33	68	As	-58899.233
34	34	68	Se	-54214.814
33	35	68	Br	-38642.01
44	25	69	Mn	-25299.01
43	26	69	Fe	-38396.01
42	27	69	Co	-50002.598
41	28	69	Ni	-59978.648
40	29	69	Cu	-65736.213
39	30	69	Zn	-68417.973
38	31	69	Ga	-69327.758
37	32	69	Ge	-67100.605
36	33	69	As	-63086.666
35	34	69	Se	-56301.531
34	35	69	Br	-46476.01
33	36	69	Kr	-32435.01
44	26	70	Fe	-35900.01
43	27	70	Co	-45643.206
42	28	70	Ni	-59149.87
41	29	70	Cu	-62976.127
40	30	70	Zn	-69564.648
39	31	70	Ga	-68910.089
38	32	70	Ge	-70563.111
37	33	70	As	-64343.111
36	34	70	Se	-62046.216
35	35	70	Br	-51426.01
34	36	70	Kr	-41676.01
45	26	71	Fe	-31000.01
44	27	71	Co	-43873.368
43	28	71	Ni	-55203.797
42	29	71	Cu	-62711.127
41	30	71	Zn	-67326.897
40	31	71	Ga	-70140.242
39	32	71	Ge	-69907.736
38	33	71	As	-67894.336
37	34	71	Se	-63116.336
36	35	71	Br	-57063.323
35	36	71	Kr	-46923.323
34	37	71	Rb	-32304.01
46	26	72	Fe	-28299.01
45	27	72	Co	-39300.01
44	28	72	Ni	-53940.319
43	29	72	Cu	-59782.999
42	30	72	Zn	-68131.38
41	31	72	Ga	-68589.38
40	32	72	Ge	-72585.911
39	33	72	As	-68229.809
38	34	72	Se	-67894.407
37	35	72	Br	-59015.201
36	36	72	Kr	-53940.919
35	37	72	Rb	-38117.01
46	27	73	Co	-37036.01
45	28	73	Ni	-49863.01
44	29	73	Cu	-58986.595
43	30	73	Zn	-65410.343
42	31	73	Ga	-69699.335
41	32	73	Ge	-71297.534
40	33	73	As	-70956.701
39	34	73	Se	-68217.642
38	35	73	Br	-63628.936
37	36	73	Kr	-56551.751
36	37	73	Rb	-46052.01
35	38	73	Sr	-31699.01
47	27	74	Co	-32248.01
46	28	74	Ni	-48372.01
45	29	74	Cu	-56006.205
44	30	74	Zn	-65708.883
43	31	74	Ga	-68049.585
42	32	74	Ge	-73422.437
41	33	74	As	-70859.967
40	34	74	Se	-72212.735
39	35	74	Br	-65306.081
38	36	74	Kr	-62331.509
37	37	74	Rb	-51917.05
36	38	74	Sr	-40697.01
48	27	75	Co	-29500.01
47	28	75	Ni	-43901.01
46	29	75	Cu	-54119.802
45	30	75	Zn	-62469.023
44	31	75	Ga	-68464.58
43	32	75	Ge	-71856.427
42	33	75	As	-73032.41
41	34	75	Se	-72169.018
40	35	75	Br	-69139.018
39	36	75	Kr	-64323.624
38	37	75	Rb	-57221.677
37	38	75	Sr	-46621.677
48	28	76	Ni	-41610.01
47	29	76	Cu	-50975.985
46	30	76	Zn	-62136.64
45	31	76	Ga	-66296.64
44	32	76	Ge	-73213.046
43	33	76	As	-72289.504
42	34	76	Se	-75252.05
41	35	76	Br	-70289.169
40	36	76	Kr	-69014.318
39	37	76	Rb	-60479.832
38	38	76	Sr	-54243.893
37	39	76	Y	-38704.01
49	28	77	Ni	-36747.01
48	29	77	Cu	-48577.01
47	30	77	Zn	-58722.344
46	31	77	Ga	-65992.344
45	32	77	Ge	-71214.029
44	33	77	As	-73916.577
43	34	77	Se	-74599.594
42	35	77	Br	-73234.914
41	36	77	Kr	-70169.443
40	37	77	Rb	-64824.531
39	38	77	Sr	-57804.063
38	39	77	Y	-46905.01
50	28	78	Ni	-34298.01
49	29	78	Cu	-44749.01
48	30	78	Zn	-57342.57
47	31	78	Ga	-63706.57
46	32	78	Ge	-71862.211
45	33	78	As	-72817.419
44	34	78	Se	-77026.086
43	35	78	Br	-73452.302
42	36	78	Kr	-74179.727
41	37	78	Rb	-66936.228
40	38	78	Sr	-63173.924
39	39	78	Y	-52527.01
38	40	78	Zr	-41703.01
50	29	79	Cu	-42327.01
49	30	79	Zn	-53420.01
48	31	79	Ga	-62509.526
47	32	79	Ge	-69488.526
46	33	79	As	-73636.526
45	34	79	Se	-75917.602
44	35	79	Br	-76068.514
43	36	79	Kr	-74442.736
42	37	79	Rb	-70803.362
41	38	79	Sr	-65476.577
40	39	79	Y	-58356.577
39	40	79	Zr	-47357.01
51	29	80	Cu	-36449.01
50	30	80	Zn	-51844.769
49	31	80	Ga	-59135.169
48	32	80	Ge	-69515.169
47	33	80	As	-72159.286
46	34	80	Se	-77759.936
45	35	80	Br	-75889.472
44	36	80	Kr	-77892.492
43	37	80	Rb	-72172.854
42	38	80	Sr	-70308.223
41	39	80	Y	-61217.786
40	40	80	Zr	-55517.043
51	30	81	Zn	-46128.01
50	31	81	Ga	-57983.308
49	32	81	Ge	-66303.308
48	33	81	As	-72533.308
47	34	81	Se	-76389.519
46	35	81	Br	-77974.839
45	36	81	Kr	-77694.038
44	37	81	Rb	-75454.821
43	38	81	Sr	-71527.705
42	39	81	Y	-66017.338
41	40	81	Zr	-58488.484
40	41	81	Nb	-47478.01
52	30	82	Zn	-42457.01
51	31	82	Ga	-53104.01
50	32	82	Ge	-65624.008
49	33	82	As	-70324.008
48	34	82	Se	-77594.008
47	35	82	Br	-77496.465
46	36	82	Kr	-80589.508
45	37	82	Rb	-76188.201
44	38	82	Sr	-76008.384
43	39	82	Y	-68192.393
42	40	82	Zr	-64192.01
41	41	82	Nb	-52974.01
53	30	83	Zn	-36300.01
52	31	83	Ga	-49388.01
51	32	83	Ge	-60901.01
50	33	83	As	-69880.657
49	34	83	Se	-75340.657
48	35	83	Br	-79008.93
47	36	83	Kr	-79981.709
46	37	83	Rb	-79074.805
45	38	83	Sr	-76795.439
44	39	83	Y	-72326.557
43	40	83	Zr	-66458.557
42	41	83	Nb	-58958.557
41	42	83	Mo	-47748.01
53	31	84	Ga	-44106.01
52	32	84	Ge	-58246.01
51	33	84	As	-66082.01
50	34	84	Se	-75951.829
49	35	84	Br	-77799.335
48	36	84	Kr	-82430.991
47	37	84	Rb	-79750.025
46	38	84	Sr	-80643.837
45	39	84	Y	-74157.855
44	40	84	Zr	-71492.01
43	41	84	Nb	-61879.01
42	42	84	Mo	-55806.01
54	31	85	Ga	-40054.01
53	32	85	Ge	-53067.01
52	33	85	As	-63323.01
51	34	85	Se	-72428.267
50	35	85	Br	-78610.267
49	36	85	Kr	-81480.267
48	37	85	Rb	-82167.331
47	38	85	Sr	-81102.572
46	39	85	Y	-77842.123
45	40	85	Zr	-73149.123
44	41	85	Nb	-67149.123
43	42	85	Mo	-59103.01
42	43	85	Tc	-47665.01
55	31	86	Ga	-34353.01
54	32	86	Ge	-49844.01
53	33	86	As	-59150.01
52	34	86	Se	-70540.57
51	35	86	Br	-75639.57
50	36	86	Kr	-83265.57
49	37	86	Rb	-82747.017
48	38	86	Sr	-84523.576
47	39	86	Y	-79283.576
46	40	86	Zr	-77804.35
45	41	86	Nb	-69826.35
44	42	86	Mo	-64556.35
43	43	86	Tc	-53207.01
55	32	87	Ge	-44237.01
54	33	87	As	-55983.01
53	34	87	Se	-66581.926
52	35	87	Br	-73856.926
51	36	87	Kr	-80709.426
50	37	87	Rb	-84597.795
49	38	87	Sr	-84880.413
48	39	87	Y	-83018.723
47	40	87	Zr	-79348.15
46	41	87	Nb	-74183.15
45	42	87	Mo	-67694.927
44	43	87	Tc	-59122.01
43	44	87	Ru	-47339.01
56	32	88	Ge	-40138.01
55	33	88	As	-51288.01
54	34	88	Se	-63878.135
53	35	88	Br	-70732.135
52	36	88	Kr	-79692.135
51	37	88	Rb	-82608.998
50	38	88	Sr	-87921.74
49	39	88	Y	-84299.14
48	40	88	Zr	-83623.101
47	41	88	Nb	-76073.101
46	42	88	Mo	-72700.088
45	43	88	Tc	-62710.01
44	44	88	Ru	-55647.01
57	32	89	Ge	-33692.01
56	33	89	As	-47143.01
55	34	89	Se	-59196.01
54	35	89	Br	-68571.62
53	36	89	Kr	-76726.62
52	37	89	Rb	-81712.502
51	38	89	Sr	-86209.141
50	39	89	Y	-87701.749
49	40	89	Zr	-84868.884
48	41	89	Nb	-80650.386
47	42	89	Mo	-75003.889
46	43	89	Tc	-67844.01
45	44	89	Ru	-59513.01
44	45	89	Rh	-47658.01
57	33	90	As	-41451.01
56	34	90	Se	-55927.01
55	35	90	Br	-64619.846
54	36	90	Kr	-74969.846
53	37	90	Rb	-79361.712
52	38	90	Sr	-85941.604
51	39	90	Y	-86487.462
50	40	90	Zr	-88767.265
49	41	90	Nb	-82656.265
48	42	90	Mo	-80167.265
47	43	90	Tc	-71206.603
46	44	90	Ru	-65307.01
45	45	90	Rh	-53216.01
58	33	91	As	-36859.01
57	34	91	Se	-50338.01
56	35	91	Br	-61508.323
55	36	91	Kr	-71310.323
54	37	91	Rb	-77745.323
53	38	91	Sr	-83645.279
52	39	91	Y	-86345.031
51	40	91	Zr	-87890.402
50	41	91	Nb	-86632.442
49	42	91	Mo	-82204.165
48	43	91	Tc	-75984.165
47	44	91	Ru	-68658.01
46	45	91	Rh	-59103.01
45	46	91	Pd	-47403.01
59	33	92	As	-30926.01
58	34	92	Se	-46649.01
57	35	92	Br	-56580.144
56	36	92	Kr	-68785.048
55	37	92	Rb	-74772.048
54	38	92	Sr	-82867.702
53	39	92	Y	-84813.327
52	40	92	Zr	-88453.882
51	41	92	Nb	-86448.337
50	42	92	Mo	-86805.003
49	43	92	Tc	-78934.648
48	44	92	Ru	-74408.01
47	45	92	Rh	-63360.01
46	46	92	Pd	-55498.01
59	34	93	Se	-40716.01
58	35	93	Br	-53049.01
57	36	93	Kr	-64017.525
56	37	93	Rb	-72617.525
55	38	93	Sr	-80084.606
54	39	93	Y	-84223.16
53	40	93	Zr	-87117.04
52	41	93	Nb	-87208.278
51	42	93	Mo	-86803.495
50	43	93	Tc	-83602.533
49	44	93	Ru	-77265.533
48	45	93	Rh	-69173.01
47	46	93	Pd	-59699.01
46	47	93	Ag	-46780.01
60	34	94	Se	-36803.01
59	35	94	Br	-47804.01
58	36	94	Kr	-61143.01
57	37	94	Rb	-68553.352
56	38	94	Sr	-78840.43
55	39	94	Y	-82348.499
54	40	94	Zr	-87266.837
53	41	94	Nb	-86364.502
52	42	94	Mo	-88409.708
51	43	94	Tc	-84153.961
50	44	94	Ru	-82567.898
49	45	94	Rh	-72938.01
48	46	94	Pd	-66350.01
47	47	94	Ag	-53300.01
60	35	95	Br	-43901.01
59	36	95	Kr	-56039.01
58	37	95	Rb	-65853.935
57	38	95	Sr	-75116.826
56	39	95	Y	-81207.068
55	40	95	Zr	-85657.766
54	41	95	Nb	-86781.901
53	42	95	Mo	-87707.492
52	43	95	Tc	-86016.873
51	44	95	Ru	-83449.819
50	45	95	Rh	-78339.819
49	46	95	Pd	-70151.01
48	47	95	Ag	-60100.01
47	48	95	Cd	-46696.01
61	35	96	Br	-38629.01
60	36	96	Kr	-53030.01
59	37	96	Rb	-61224.644
58	38	96	Sr	-72938.959
57	39	96	Y	-78346.709
56	40	96	Zr	-85442.791
55	41	96	Nb	-85603.696
54	42	96	Mo	-88790.496
53	43	96	Tc	-85817.254
52	44	96	Ru	-86072.062
51	45	96	Rh	-79679.409
50	46	96	Pd	-76229.409
49	47	96	Ag	-64571.01
48	48	96	Cd	-56104.01
62	35	97	Br	-34652.01
61	36	97	Kr	-47916.01
60	37	97	Rb	-58356.314
59	38	97	Sr	-68788.109
58	39	97	Y	-76257.693
57	40	97	Zr	-82946.645
56	41	97	Nb	-85605.644
55	42	97	Mo	-87540.442
54	43	97	Tc	-87220.108
53	44	97	Ru	-86112.242
52	45	97	Rh	-82589.242
51	46	97	Pd	-77799.242
50	47	97	Ag	-70819.242
49	48	97	Cd	-60603.01
48	49	97	In	-47003.01
62	36	98	Kr	-44796.01
61	37	98	Rb	-54221.644
60	38	98	Sr	-66645.662
59	39	98	Y	-72467.42
58	40	98	Zr	-81286.925
57	41	98	Nb	-83528.547
56	42	98	Mo	-88111.723
55	43	98	Tc	-86427.771
54	44	98	Ru	-88224.469
53	45	98	Rh	-83174.815
52	46	98	Pd	-81299.957
51	47	98	Ag	-73060.614
50	48	98	Cd	-67630.614
49	49	98	In	-53896.01
63	36	99	Kr	-39495.01
62	37	99	Rb	-50878.87
61	38	99	Sr	-62185.677
60	39	99	Y	-70200.924
59	40	99	Zr	-77768.473
58	41	99	Nb	-82326.954
57	42	99	Mo	-85965.84
56	43	99	Tc	-87323.141
55	44	99	Ru	-87616.977
54	45	99	Rh	-85574.394
53	46	99	Pd	-82187.735
52	47	99	Ag	-76757.735
51	48	99	Cd	-69853.01
50	49	99	In	-61274.01
49	50	99	Sn	-47199.01
64	36	100	Kr	-36198.01
63	37	100	Rb	-46696.01
62	38	100	Sr	-60219.307
61	39	100	Y	-67294.307
60	40	100	Zr	-76604.307
59	41	100	Nb	-79939.307
58	42	100	Mo	-86184.307
57	43	100	Tc	-86016.224
56	44	100	Ru	-89218.984
55	45	100	Rh	-85584.225
54	46	100	Pd	-85226.218
53	47	100	Ag	-78148.384
52	48	100	Cd	-74249.829
51	49	100	In	-64169.829
50	50	100	Sn	-56779.829
64	37	101	Rb	-43597.231
63	38	101	Sr	-55407.231
62	39	101	Y	-64912.231
61	40	101	Zr	-73457.231
60	41	101	Nb	-78942.231
59	42	101	Mo	-83511.231
58	43	101	Tc	-86335.84
57	44	101	Ru	-87949.72
56	45	101	Rh	-87408.021
55	46	101	Pd	-85428.021
54	47	101	Ag	-81224.197
53	48	101	Cd	-75747.66
52	49	101	In	-68614.01
51	50	101	Sn	-59560.01
65	37	102	Rb	-38312.01
64	38	102	Sr	-53077.471
63	39	102	Y	-61892.471
62	40	102	Zr	-71742.471
61	41	102	Nb	-76347.471
60	42	102	Mo	-83557.471
59	43	102	Tc	-84565.665
58	44	102	Ru	-89098.043
57	45	102	Rh	-86775.004
56	46	102	Pd	-87925.075
55	47	102	Ag	-82264.893
54	48	102	Cd	-79677.893
53	49	102	In	-70709.488
52	50	102	Sn	-64929.488
65	38	103	Sr	-47553.01
64	39	103	Y	-58936.01
63	40	103	Zr	-68372.027
62	41	103	Nb	-75317.027
61	42	103	Mo	-80847.027
60	43	103	Tc	-84597.027
59	44	103	Ru	-87258.775
58	45	103	Rh	-88022.185
57	46	103	Pd	-87479.11
56	47	103	Ag	-84791.366
55	48	103	Cd	-80649.453
54	49	103	In	-74599.453
53	50	103	Sn	-66974.01
52	51	103	Sb	-56178.01
66	38	104	Sr	-44404.01
65	39	104	Y	-54912.01
64	40	104	Zr	-66341.01
63	41	104	Nb	-72223.666
62	42	104	Mo	-80328.666
61	43	104	Tc	-82486.166
60	44	104	Ru	-88088.872
59	45	104	Rh	-86949.825
58	46	104	Pd	-89390.045
57	47	104	Ag	-85111.392
56	48	104	Cd	-83974.674
55	49	104	In	-76106.627
54	50	104	Sn	-71591.627
53	51	104	Sb	-59176.01
67	38	105	Sr	-38582.01
66	39	105	Y	-51353.01
65	40	105	Zr	-62364.01
64	41	105	Nb	-70852.653
63	42	105	Mo	-77337.653
62	43	105	Tc	-82287.653
61	44	105	Ru	-85927.653
60	45	105	Rh	-87845.641
59	46	105	Pd	-88412.828
58	47	105	Ag	-87067.992
57	48	105	Cd	-84330.103
56	49	105	In	-79481.085
55	50	105	Sn	-73262.528
54	51	105	Sb	-63820.056
53	52	105	Te	-52499.01
67	39	106	Y	-46770.01
66	40	106	Zr	-59699.01
65	41	106	Nb	-67096.01
64	42	106	Mo	-76255.078
63	43	106	Tc	-79775.078
62	44	106	Ru	-86322.078
61	45	106	Rh	-86361.478
60	46	106	Pd	-89902.478
59	47	106	Ag	-86937.34
58	48	106	Cd	-87132.499
57	49	106	In	-80606.451
56	50	106	Sn	-77425.204
55	51	106	Sb	-66330.01
54	52	106	Te	-58214.429
68	39	107	Y	-42718.01
67	40	107	Zr	-55191.01
66	41	107	Nb	-64916.01
65	42	107	Mo	-72942.869
64	43	107	Tc	-79102.869
63	44	107	Ru	-83922.869
62	45	107	Rh	-86863.285
61	46	107	Pd	-88367.594
60	47	107	Ag	-88401.743
59	48	107	Cd	-86984.841
58	49	107	In	-83559.577
57	50	107	Sn	-78576.801
56	51	107	Sb	-70654.01
55	52	107	Te	-60541.01
69	39	108	Y	-37744.01
68	40	108	Zr	-52201.01
67	41	108	Nb	-60696.01
66	42	108	Mo	-71303.01
65	43	108	Tc	-75952.879
64	44	108	Ru	-83672.879
63	45	108	Rh	-85019.304
62	46	108	Pd	-89524.304
61	47	108	Ag	-87601.836
60	48	108	Cd	-89252.325
59	49	108	In	-84115.603
58	50	108	Sn	-82040.983
57	51	108	Sb	-72507.01
56	52	108	Te	-65721.935
55	53	108	I	-52652.01
69	40	109	Zr	-47283.01
68	41	109	Nb	-58097.01
67	42	109	Mo	-67245.01
66	43	109	Tc	-74535.668
65	44	109	Ru	-80850.668
64	45	109	Rh	-85010.668
63	46	109	Pd	-87606.591
62	47	109	Ag	-88722.669
61	48	109	Cd	-88508.424
60	49	109	In	-86488.746
59	50	109	Sn	-82639.154
58	51	109	Sb	-76259.154
57	52	109	Te	-67612.012
56	53	109	I	-57613.447
70	40	110	Zr	-43901.01
69	41	110	Nb	-53617.01
68	42	110	Mo	-65456.01
67	43	110	Tc	-70960.763
66	44	110	Ru	-79981.763
65	45	110	Rh	-82775.901
64	46	110	Pd	-88349.175
63	47	110	Ag	-87460.552
62	48	110	Cd	-90352.99
61	49	110	In	-86474.99
60	50	110	Sn	-85843.888
59	51	110	Sb	-77544.01
58	52	110	Te	-72277.12
57	53	110	I	-60321.01
56	54	110	Xe	-51904.646
70	41	111	Nb	-50627.01
69	42	111	Mo	-61097.01
68	43	111	Tc	-69216.683
67	44	111	Ru	-76665.683
66	45	111	Rh	-82357.192
65	46	111	Pd	-86004.158
64	47	111	Ag	-88220.719
63	48	111	Cd	-89257.519
62	49	111	In	-88395.728
61	50	111	Sn	-85944.797
60	51	111	Sb	-80888.145
59	52	111	Te	-73484.917
58	53	111	I	-64947.01
57	54	111	Xe	-54397.01
71	41	112	Nb	-45802.01
70	42	112	Mo	-58833.01
69	43	112	Tc	-65999.617
68	44	112	Ru	-75483.617
67	45	112	Rh	-79741.327
66	46	112	Pd	-86336.399
65	47	112	Ag	-86624.458
64	48	112	Cd	-90580.518
63	49	112	In	-87996.067
62	50	112	Sn	-88661.269
61	51	112	Sb	-81600.729
60	52	112	Te	-77301.267
59	53	112	I	-67096.01
58	54	112	Xe	-59966.685
57	55	112	Cs	-46294.01
72	41	113	Nb	-42197.01
71	42	113	Mo	-54138.01
70	43	113	Tc	-63724.01
69	44	113	Ru	-72202.714
68	45	113	Rh	-78682.714
67	46	113	Pd	-83692.028
66	47	113	Ag	-87032.672
65	48	113	Cd	-89049.279
64	49	113	In	-89369.62
63	50	113	Sn	-88333.039
62	51	113	Sb	-84419.744
61	52	113	Te	-78347.03
60	53	113	I	-71128.339
59	54	113	Xe	-62092.297
58	55	113	Cs	-51704.182
72	42	114	Mo	-51307.01
71	43	114	Tc	-59727.01
70	44	114	Ru	-70532.01
69	45	114	Rh	-75631.725
68	46	114	Pd	-83496.665
67	47	114	Ag	-84948.803
66	48	114	Cd	-90020.941
65	49	114	In	-88572.155
64	50	114	Sn	-90560.901
63	51	114	Sb	-84515.383
62	52	114	Te	-81888.57
61	53	114	I	-72796.01
60	54	114	Xe	-67085.913
59	55	114	Cs	-54539.01
58	56	114	Ba	-45945.564
73	42	115	Mo	-46305.01
72	43	115	Tc	-57110.01
71	44	115	Ru	-66428.402
70	45	115	Rh	-74208.402
69	46	115	Pd	-80403
68	47	115	Ag	-84987
67	48	115	Cd	-88090.485
66	49	115	In	-89536.616
65	50	115	Sn	-90035.978
64	51	115	Sb	-87003.403
63	52	115	Te	-82062.759
62	53	115	I	-76337.797
61	54	115	Xe	-68656.771
60	55	115	Cs	-59699.01
59	56	115	Ba	-49025.01
73	43	116	Tc	-52751.01
72	44	116	Ru	-64450.01
71	45	116	Rh	-70735.792
70	46	116	Pd	-79960.691
69	47	116	Ag	-82567.691
68	48	116	Cd	-88719.392
67	49	116	In	-88250.019
66	50	116	Sn	-91528.107
65	51	116	Sb	-86821.176
64	52	116	Te	-85268.962
63	53	116	I	-77492.26
62	54	116	Xe	-73046.747
61	55	116	Cs	-62068.01
60	56	116	Ba	-54604.01
74	43	117	Tc	-49854.01
73	44	117	Ru	-60007.01
72	45	117	Rh	-68949.01
71	46	117	Pd	-76530.301
70	47	117	Ag	-82265.301
69	48	117	Cd	-86425.301
68	49	117	In	-88945.042
67	50	117	Sn	-90399.95
66	51	117	Sb	-88644.75
65	52	117	Te	-85096.897
64	53	117	I	-80434.508
63	54	117	Xe	-74185.361
62	55	117	Cs	-66442.814
61	56	117	Ba	-57288.01
60	57	117	La	-46512.01
75	43	118	Tc	-45196.01
74	44	118	Ru	-57920.01
73	45	118	Rh	-65139.01
72	46	118	Pd	-75465.639
71	47	118	Ag	-79565.639
70	48	118	Cd	-86708.557
69	49	118	In	-87230.346
68	50	118	Sn	-91656.06
67	51	118	Sb	-87999.42
66	52	118	Te	-87721.044
65	53	118	I	-80971.048
64	54	118	Xe	-78079.081
63	55	118	Cs	-68409.391
62	56	118	Ba	-62373.01
61	57	118	La	-49621.01
75	44	119	Ru	-53244.01
74	45	119	Rh	-63239.01
73	46	119	Pd	-71623.01
72	47	119	Ag	-78557.492
71	48	119	Cd	-83907.492
70	49	119	In	-87704.492
69	50	119	Sn	-90068.363
68	51	119	Sb	-89477.443
67	52	119	Te	-87184.443
66	53	119	I	-83765.53
65	54	119	Xe	-78794.437
64	55	119	Cs	-72305.075
63	56	119	Ba	-64590.11
62	57	119	La	-54967.01
61	58	119	Ce	-44004.01
76	44	120	Ru	-50943.01
75	45	120	Rh	-59234.01
74	46	120	Pd	-70149.064
73	47	120	Ag	-75649.064
72	48	120	Cd	-83974.064
71	49	120	In	-85735.073
70	50	120	Sn	-91105.073
69	51	120	Sb	-88424.465
68	52	120	Te	-89404.587
67	53	120	I	-83789.587
66	54	120	Xe	-82172.448
65	55	120	Cs	-73888.663
64	56	120	Ba	-68888.663
63	57	120	La	-57687.01
62	58	120	Ce	-49705.01
76	45	121	Rh	-57082.01
75	46	121	Pd	-66257.01
74	47	121	Ag	-74661.064
73	48	121	Cd	-81061.064
72	49	121	In	-85841.064
71	50	121	Sn	-89204.076
70	51	121	Sb	-89595.111
69	52	121	Te	-88551.151
68	53	121	I	-86287.26
67	54	121	Xe	-82472.775
66	55	121	Cs	-77100.495
65	56	121	Ba	-70742.779
64	57	121	La	-62401.01
63	58	121	Ce	-52704.01
62	59	121	Pr	-41579.01
77	45	122	Rh	-52900.01
76	46	122	Pd	-64692.01
75	47	122	Ag	-71231.01
74	48	122	Cd	-80730.32
73	49	122	In	-83577.359
72	50	122	Sn	-89945.95
71	51	122	Sb	-88330.175
70	52	122	Te	-90314.028
69	53	122	I	-86080.028
68	54	122	Xe	-85355.002
67	55	122	Cs	-78139.833
66	56	122	Ba	-74608.944
65	57	122	La	-64543.01
64	58	122	Ce	-57836.01
63	59	122	Pr	-44889.01
77	46	123	Pd	-60612.01
76	47	123	Ag	-69955.01
75	48	123	Cd	-77311.209
74	49	123	In	-83426.209
73	50	123	Sn	-87820.474
72	51	123	Sb	-89224.113
71	52	123	Te	-89171.894
70	53	123	I	-87943.313
69	54	123	Xe	-85248.552
68	55	123	Cs	-81043.671
67	56	123	Ba	-75654.978
66	57	123	La	-68707.01
65	58	123	Ce	-60175.01
64	59	123	Pr	-50338.01
78	46	124	Pd	-58796.01
77	47	124	Ag	-66471.01
76	48	124	Cd	-76710.752
75	49	124	In	-80876.752
74	50	124	Sn	-88236.752
73	51	124	Sb	-87620.291
72	52	124	Te	-90524.548
71	53	124	I	-87364.961
70	54	124	Xe	-87660.103
69	55	124	Cs	-81731.335
68	56	124	Ba	-79089.8
67	57	124	La	-70258.61
66	58	124	Ce	-64823.01
65	59	124	Pr	-53132.01
64	60	124	Nd	-44497.01
78	47	125	Ag	-64804.01
77	48	125	Cd	-73358.534
76	49	125	In	-80480.534
75	50	125	Sn	-85898.534
74	51	125	Sb	-88255.501
73	52	125	Te	-89022.201
72	53	125	I	-88836.431
71	54	125	Xe	-87192.064
70	55	125	Cs	-84087.575
69	56	125	Ba	-79667.97
68	57	125	La	-73759.389
67	58	125	Ce	-66658.01
66	59	125	Pr	-57911.01
65	60	125	Nd	-47618.01
79	47	126	Ag	-61013.01
78	48	126	Cd	-72327.416
77	49	126	In	-77813.416
76	50	126	Sn	-86020.416
75	51	126	Sb	-86398.416
74	52	126	Te	-90064.575
73	53	126	I	-87910.536
72	54	126	Xe	-89168.536
71	55	126	Cs	-84344.94
70	56	126	Ba	-82669.928
69	57	126	La	-74973.468
68	58	126	Ce	-70820.558
67	59	126	Pr	-60258.01
66	60	126	Nd	-52890.01
65	61	126	Pm	-39570.01
80	47	127	Ag	-58898.01
79	48	127	Cd	-68517.1
78	49	127	In	-76985.1
77	50	127	Sn	-83499.1
76	51	127	Sb	-86700.1
75	52	127	Te	-88281.1
74	53	127	I	-88983.125
73	54	127	Xe	-88320.793
72	55	127	Cs	-86240.02
71	56	127	Ba	-82815.595
70	57	127	La	-77895.769
69	58	127	Ce	-71975.611
68	59	127	Pr	-64431.01
67	60	127	Nd	-55424.01
66	61	127	Pm	-45056.01
81	47	128	Ag	-54800.01
80	48	128	Cd	-67288.998
79	49	128	In	-74358.998
78	50	128	Sn	-83334.598
77	51	128	Sb	-84608.531
76	52	128	Te	-88992.091
75	53	128	I	-87737.939
74	54	128	Xe	-89860.039
73	55	128	Cs	-85931.378
72	56	128	Ba	-85401.514
71	57	128	La	-78631.901
70	58	128	Ce	-75533.918
69	59	128	Pr	-66330.757
68	60	128	Nd	-60184.01
67	61	128	Pm	-48046.01
66	62	128	Sm	-39048.01
82	47	129	Ag	-52452.01
81	48	129	Cd	-63202.01
80	49	129	In	-72938.793
79	50	129	Sn	-80593.793
78	51	129	Sb	-84627.681
77	52	129	Te	-87003.181
76	53	129	I	-88503.367
75	54	129	Xe	-88697.386
74	55	129	Cs	-87500.424
73	56	129	Ba	-85064.555
72	57	129	La	-81326.12
71	58	129	Ce	-76287.496
70	59	129	Pr	-69773.559
69	60	129	Nd	-62235.01
68	61	129	Pm	-52946.01
67	62	129	Sm	-42253.01
83	47	130	Ag	-46157.01
82	48	130	Cd	-61569.949
81	49	130	In	-69889.949
80	50	130	Sn	-80138.949
79	51	130	Sb	-82291.605
78	52	130	Te	-87351.41
77	53	130	I	-86932.379
76	54	130	Xe	-89881.713
75	55	130	Cs	-86900.424
74	56	130	Ba	-87261.603
73	57	130	La	-81628.008
72	58	130	Ce	-79422.905
71	59	130	Pr	-71175.457
70	60	130	Nd	-66596.233
69	61	130	Pm	-55470.01
68	62	130	Sm	-47581.01
67	63	130	Eu	-33936.01
83	48	131	Cd	-55266.01
82	49	131	In	-68137.141
81	50	131	Sn	-77314.218
80	51	131	Sb	-81987.983
79	52	131	Te	-85209.473
78	53	131	I	-87444.363
77	54	131	Xe	-88415.211
76	55	131	Cs	-88059.787
75	56	131	Ba	-86683.79
74	57	131	La	-83769.256
73	58	131	Ce	-79715.394
72	59	131	Pr	-74278.264
71	60	131	Nd	-67768.984
70	61	131	Pm	-59737.01
69	62	131	Sm	-50198.01
68	63	131	Eu	-39353.01
84	48	132	Cd	-50720.01
83	49	132	In	-62419.171
82	50	132	Sn	-76554.171
81	51	132	Sb	-79673.573
80	52	132	Te	-85182.183
79	53	132	I	-85699.888
78	54	132	Xe	-89280.48
77	55	132	Cs	-87155.926
76	56	132	Ba	-88434.841
75	57	132	La	-83740.245
74	58	132	Ce	-82474.025
73	59	132	Pr	-75213.484
72	60	132	Nd	-71425.808
71	61	132	Pm	-61711.01
70	62	132	Sm	-55247.01
69	63	132	Eu	-42504.01
84	49	133	In	-57930.01
83	50	133	Sn	-70952.598
82	51	133	Sb	-78942.598
81	52	133	Te	-82944.598
80	53	133	I	-85886.598
79	54	133	Xe	-87643.598
78	55	133	Cs	-88070.958
77	56	133	Ba	-87553.459
76	57	133	La	-85494.383
75	58	133	Ce	-82423.228
74	59	133	Pr	-77937.607
73	60	133	Nd	-72332.373
72	61	133	Pm	-65407.646
71	62	133	Sm	-57129.01
70	63	133	Eu	-47283.01
85	49	134	In	-52024.01
84	50	134	Sn	-66795.791
83	51	134	Sb	-74165.791
82	52	134	Te	-82559.49
81	53	134	I	-84072.49
80	54	134	Xe	-88124.49
79	55	134	Cs	-86891.181
78	56	134	Ba	-88949.868
77	57	134	La	-85218.65
76	58	134	Ce	-84835.983
75	59	134	Pr	-78514.011
74	60	134	Nd	-75646.459
73	61	134	Pm	-66738.751
72	62	134	Sm	-61507.01
71	63	134	Eu	-49826.01
70	64	134	Gd	-41573.01
86	49	135	In	-47199.01
85	50	135	Sn	-60799.01
84	51	135	Sb	-69707.636
83	52	135	Te	-77827.636
82	53	135	I	-83789.636
81	54	135	Xe	-86417.033
80	55	135	Cs	-87581.853
79	56	135	Ba	-87850.512
78	57	135	La	-86650.512
77	58	135	Ce	-84624.93
76	59	135	Pr	-80935.888
75	60	135	Nd	-76213.758
74	61	135	Pm	-69977.556
73	62	135	Sm	-62857.216
72	63	135	Eu	-54194.01
71	64	135	Gd	-44181.01
86	50	136	Sn	-56504.01
85	51	136	Sb	-64879.01
84	52	136	Te	-74425.21
83	53	136	I	-79499.294
82	54	136	Xe	-86425.137
81	55	136	Cs	-86338.711
80	56	136	Ba	-88886.935
79	57	136	La	-86036.945
78	58	136	Ce	-86468.332
77	59	136	Pr	-81327.241
76	60	136	Nd	-79199.314
75	61	136	Pm	-71197.972
74	62	136	Sm	-66810.917
73	63	136	Eu	-56262.01
72	64	136	Gd	-49052.01
71	65	136	Tb	-35974.01
87	50	137	Sn	-50310.01
86	51	137	Sb	-60258.01
85	52	137	Te	-69561.221
84	53	137	I	-76502.82
83	54	137	Xe	-82379.35
82	55	137	Cs	-86545.599
81	56	137	Ba	-87721.227
80	57	137	La	-87100.653
79	58	137	Ce	-85878.553
78	59	137	Pr	-83177.333
77	60	137	Nd	-79580.199
76	61	137	Pm	-74072.875
75	62	137	Sm	-68025.381
74	63	137	Eu	-60016.01
73	64	137	Gd	-51214.01
72	65	137	Tb	-41004.01
87	51	138	Sb	-55154.01
86	52	138	Te	-65931.01
85	53	138	I	-72330.89
84	54	138	Xe	-80150.89
83	55	138	Cs	-82887.407
82	56	138	Ba	-88261.631
81	57	138	La	-86524.681
80	58	138	Ce	-87568.521
79	59	138	Pr	-83131.521
78	60	138	Nd	-82018.083
77	61	138	Pm	-74940.294
76	62	138	Sm	-71497.79
75	63	138	Eu	-61749.669
74	64	138	Gd	-55778.01
73	65	138	Tb	-43631.01
72	66	138	Dy	-34940.01
88	51	139	Sb	-50319.01
87	52	139	Te	-60799.01
86	53	139	I	-68837.893
85	54	139	Xe	-75643.893
84	55	139	Cs	-80700.915
83	56	139	Ba	-84913.745
82	57	139	La	-87231.371
81	58	139	Ce	-86952.496
80	59	139	Pr	-84823.335
79	60	139	Nd	-81991.697
78	61	139	Pm	-77496.499
77	62	139	Sm	-72380.247
76	63	139	Eu	-65398.07
75	64	139	Gd	-57529.01
74	65	139	Tb	-48168.01
73	66	139	Dy	-37688.01
88	52	140	Te	-56961.01
87	53	140	I	-64273.01
86	54	140	Xe	-72990.992
85	55	140	Cs	-77050.992
84	56	140	Ba	-83271.368
83	57	140	La	-84321.031
82	58	140	Ce	-88083.278
81	59	140	Pr	-84695.278
80	60	140	Nd	-84251.77
79	61	140	Pm	-78206.57
78	62	140	Sm	-75455.963
77	63	140	Eu	-66985.963
76	64	140	Gd	-61782.272
75	65	140	Tb	-50482.272
74	66	140	Dy	-42839.01
73	67	140	Ho	-29305.01
89	52	141	Te	-51558.01
88	53	141	I	-60519.01
87	54	141	Xe	-68326.902
86	55	141	Cs	-74476.902
85	56	141	Ba	-79725.632
84	57	141	La	-82938.221
83	58	141	Ce	-85440.105
82	59	141	Pr	-86020.892
81	60	141	Nd	-84197.879
80	61	141	Pm	-80522.949
79	62	141	Sm	-75938.662
78	63	141	Eu	-69926.584
77	64	141	Gd	-63224.224
76	65	141	Tb	-54540.837
75	66	141	Dy	-45317.01
74	67	141	Ho	-34374.01
90	52	142	Te	-47432.01
89	53	142	I	-55722.01
88	54	142	Xe	-65475.096
87	55	142	Cs	-70515.096
86	56	142	Ba	-77823.147
85	57	142	La	-80034.775
84	58	142	Ce	-84538.479
83	59	142	Pr	-83792.724
82	60	142	Nd	-85955.195
81	61	142	Pm	-81156.907
80	62	142	Sm	-78992.889
79	63	142	Eu	-71319.889
78	64	142	Gd	-66959.515
77	65	142	Tb	-57060.01
76	66	142	Dy	-49960.01
75	67	142	Ho	-37474.01
90	53	143	I	-51642.01
89	54	143	Xe	-60445.01
88	55	143	Cs	-67671.41
87	56	143	Ba	-73935.736
86	57	143	La	-78187.073
85	58	143	Ce	-81611.999
84	59	143	Pr	-83073.499
83	60	143	Nd	-84007.448
82	61	143	Pm	-82965.734
81	62	143	Sm	-79523.191
80	63	143	Eu	-74242.392
79	64	143	Gd	-68232.392
78	65	143	Tb	-60434.4
77	66	143	Dy	-52322.01
76	67	143	Ho	-42281.01
75	68	143	Er	-31354.01
91	53	144	I	-46584.01
90	54	144	Xe	-57278.01
89	55	144	Cs	-63269.947
88	56	144	Ba	-71768.956
87	57	144	La	-74892.447
86	58	144	Ce	-80436.989
85	59	144	Pr	-80755.645
84	60	144	Nd	-83753.165
83	61	144	Pm	-81421.106
82	62	144	Sm	-81971.958
81	63	144	Eu	-75621.643
80	64	144	Gd	-71759.504
79	65	144	Tb	-62368.181
78	66	144	Dy	-56584.535
77	67	144	Ho	-45196.01
76	68	144	Er	-36906.01
91	54	145	Xe	-52098.01
90	55	145	Cs	-60056.986
89	56	145	Ba	-67414.986
88	57	145	La	-72986.839
87	58	145	Ce	-77096.839
86	59	145	Pr	-79631.839
85	60	145	Nd	-81437.134
84	61	145	Pm	-81273.762
83	62	145	Sm	-80657.737
82	63	145	Eu	-77998.429
81	64	145	Gd	-72927.362
80	65	145	Tb	-65880.845
79	66	145	Dy	-58288.238
78	67	145	Ho	-49183.01
77	68	145	Er	-39691.01
76	69	145	Tm	-27877.01
92	54	146	Xe	-48671.01
91	55	146	Cs	-55620.044
90	56	146	Ba	-65000.05
89	57	146	La	-69122.947
88	58	146	Ce	-75675.496
87	59	146	Pr	-76713.808
86	60	146	Nd	-80931.05
85	61	146	Pm	-79459.88
84	62	146	Sm	-81001.88
83	63	146	Eu	-77122.285
82	64	146	Gd	-76093.179
81	65	146	Tb	-67769.37
80	66	146	Dy	-62554.136
79	67	146	Ho	-51568.01
78	68	146	Er	-44712.01
77	69	146	Tm	-31275.01
93	54	147	Xe	-43259.01
92	55	147	Cs	-52019.275
91	56	147	Ba	-60598.01
90	57	147	La	-66848.403
89	58	147	Ce	-72028.748
88	59	147	Pr	-75454.748
87	60	147	Nd	-78151.936
86	61	147	Pm	-79047.936
85	62	147	Sm	-79272.075
84	63	147	Eu	-77550.499
83	64	147	Gd	-75363.063
82	65	147	Tb	-70752.013
81	66	147	Dy	-64187.855
80	67	147	Ho	-55837.477
79	68	147	Er	-47050.01
78	69	147	Tm	-36365.01
93	55	148	Cs	-47302.986
92	56	148	Ba	-58013.403
91	57	148	La	-63128.403
90	58	148	Ce	-70390.756
89	59	148	Pr	-72530.756
88	60	148	Nd	-77413.404
87	61	148	Pm	-76871.898
86	62	148	Sm	-79342.169
85	63	148	Eu	-76302.498
84	64	148	Gd	-76275.83
83	65	148	Tb	-70540.457
82	66	148	Dy	-67859.496
81	67	148	Ho	-58015.31
80	68	148	Er	-51651.01
79	69	148	Tm	-39272.01
78	70	148	Yb	-30348.01
94	55	149	Cs	-43845.01
93	56	149	Ba	-53486.01
92	57	149	La	-60795.01
91	58	149	Ce	-66695.08
90	59	149	Pr	-71056.55
89	60	149	Nd	-74380.875
88	61	149	Pm	-76071.245
87	62	149	Sm	-77141.922
86	63	149	Eu	-76446.56
85	64	149	Gd	-75133.454
84	65	149	Tb	-71495.975
83	66	149	Dy	-67715.154
82	67	149	Ho	-61688.403
81	68	149	Er	-53741.615
80	69	149	Tm	-44041.01
79	70	149	Yb	-33497.01
95	55	150	Cs	-38964.01
94	56	150	Ba	-50599.01
93	57	150	La	-57035.01
92	58	150	Ce	-64823.663
91	59	150	Pr	-68303.663
90	60	150	Nd	-73689.663
89	61	150	Pm	-73603.339
88	62	150	Sm	-77057.339
87	63	150	Eu	-74797.274
86	64	150	Gd	-75768.769
85	65	150	Tb	-71110.545
84	66	150	Dy	-69316.955
83	67	150	Ho	-61947.908
82	68	150	Er	-57832.887
81	69	150	Tm	-46612.01
80	70	150	Yb	-38732.01
79	71	150	Lu	-24938.01
96	55	151	Cs	-35220.01
95	56	151	Ba	-45820.01
94	57	151	La	-54287.01
93	58	151	Ce	-61500.777
92	59	151	Pr	-66770.777
91	60	151	Nd	-70952.896
90	61	151	Pm	-73395.232
89	62	151	Sm	-74582.481
88	63	151	Eu	-74659.094
87	64	151	Gd	-74194.911
86	65	151	Tb	-71629.52
85	66	151	Dy	-68758.601
84	67	151	Ho	-63632.086
83	68	151	Er	-58265.971
82	69	151	Tm	-50781.802
81	70	151	Yb	-41543.916
80	71	151	Lu	-30202.01
96	56	152	Ba	-42597.01
95	57	152	La	-50068.01
94	58	152	Ce	-59113.01
93	59	152	Pr	-63808.061
92	60	152	Nd	-70158.061
91	61	152	Pm	-71262.276
90	62	152	Sm	-74768.765
89	63	152	Eu	-72894.497
88	64	152	Gd	-74714.206
87	65	152	Tb	-70724.206
86	66	152	Dy	-70124.452
85	67	152	Ho	-63608.266
84	68	152	Er	-60500.173
83	69	152	Tm	-51770.574
82	70	152	Yb	-46305.574
81	71	152	Lu	-33422.01
97	56	153	Ba	-37623.01
96	57	153	La	-46929.01
95	58	153	Ce	-55349.01
94	59	153	Pr	-61628.663
93	60	153	Nd	-67348.663
92	61	153	Pm	-70684.663
91	62	153	Sm	-72565.846
90	63	153	Eu	-73373.467
89	64	153	Gd	-72889.831
88	65	153	Tb	-71320.222
87	66	153	Dy	-69149.764
86	67	153	Ho	-65019.41
85	68	153	Er	-60487.968
84	69	153	Tm	-54015.37
83	70	153	Yb	-47059.01
82	71	153	Lu	-38407.984
81	72	153	Hf	-27302.01
97	57	154	La	-42383.01
96	58	154	Ce	-52704.01
95	59	154	Pr	-58201.466
94	60	154	Nd	-65691.466
93	61	154	Pm	-68498.396
92	62	154	Sm	-72461.596
91	63	154	Eu	-71744.378
90	64	154	Gd	-73713.221
89	65	154	Tb	-70161.974
88	66	154	Dy	-70398.165
87	67	154	Ho	-64644.213
86	68	154	Er	-62612.157
85	69	154	Tm	-54429.236
84	70	154	Yb	-49933.735
83	71	154	Lu	-39568.01
82	72	154	Hf	-32733.01
98	57	155	La	-38797.01
97	58	155	Ce	-48400.01
96	59	155	Pr	-55778.01
95	60	155	Nd	-62473.01
94	61	155	Pm	-66973.239
93	62	155	Sm	-70197.239
92	63	155	Eu	-71824.466
91	64	155	Gd	-72077.123
90	65	155	Tb	-71254.414
89	66	155	Dy	-69159.914
88	67	155	Ho	-66039.673
87	68	155	Er	-62215.463
86	69	155	Tm	-56635.339
85	70	155	Yb	-50503.433
84	71	155	Lu	-42554.171
83	72	155	Hf	-34102.01
82	73	155	Ta	-23668.01
98	58	156	Ce	-45401.01
97	59	156	Pr	-51912.01
96	60	156	Nd	-60530.237
95	61	156	Pm	-64220.237
94	62	156	Sm	-69370.326
93	63	156	Eu	-70092.829
92	64	156	Gd	-72542.197
91	65	156	Tb	-70097.52
90	66	156	Dy	-70529.829
89	67	156	Ho	-65354.551
88	68	156	Er	-64212.821
87	69	156	Tm	-56839.827
86	70	156	Yb	-53264.49
85	71	156	Lu	-43749.923
84	72	156	Hf	-37852.167
83	73	156	Ta	-25799.01
99	58	157	Ce	-40669.01
98	59	157	Pr	-48969.01
97	60	157	Nd	-56793.01
96	61	157	Pm	-62373.426
95	62	157	Sm	-66733.426
94	63	157	Eu	-69467.426
93	64	157	Gd	-70830.678
92	65	157	Tb	-70770.626
91	66	157	Dy	-69427.886
90	67	157	Ho	-66828.93
89	68	157	Er	-63419.838
88	69	157	Tm	-58709.273
87	70	157	Yb	-53441.815
86	71	157	Lu	-46483.134
85	72	157	Hf	-38754.01
84	73	157	Ta	-29628.547
99	59	158	Pr	-44730.01
98	60	158	Nd	-54399.01
97	61	158	Pm	-59092.669
96	62	158	Sm	-65212.669
95	63	158	Eu	-67211.669
94	64	158	Gd	-70696.751
93	65	158	Tb	-69477.216
92	66	158	Dy	-70412.109
91	67	158	Ho	-66191.026
90	68	158	Er	-65303.809
89	69	158	Tm	-58703.194
88	70	158	Yb	-56014.817
87	71	158	Lu	-47214.373
86	72	158	Hf	-42104.119
85	73	158	Ta	-31019.01
84	74	158	W	-23695.01
100	59	159	Pr	-41451.01
99	60	159	Nd	-50217.01
98	61	159	Pm	-56849.01
97	62	159	Sm	-62213.301
96	63	159	Eu	-66053.301
95	64	159	Gd	-68568.524
94	65	159	Tb	-69539.048
93	66	159	Dy	-69173.476
92	67	159	Ho	-67335.876
91	68	159	Er	-64567.376
90	69	159	Tm	-60570.398
89	70	159	Yb	-55842.973
88	71	159	Lu	-49714.975
87	72	159	Hf	-42853.503
86	73	159	Ta	-34448.35
85	74	159	W	-25227.01
100	60	160	Nd	-47422.01
99	61	160	Pm	-53104.01
98	62	160	Sm	-60417.01
97	63	160	Eu	-63369.01
96	64	160	Gd	-67948.626
95	65	160	Tb	-67842.938
94	66	160	Dy	-69678.064
93	67	160	Ho	-66388.064
92	68	160	Er	-66058.488
91	69	160	Tm	-60302.313
90	70	160	Yb	-58169.617
89	71	160	Lu	-50269.937
88	72	160	Hf	-45937.205
87	73	160	Ta	-35875.507
86	74	160	W	-29361.804
85	75	160	Re	-16660.01
101	60	161	Nd	-42961.01
100	61	161	Pm	-50431.01
99	62	161	Sm	-56979.01
98	63	161	Eu	-61777.01
97	64	161	Gd	-65512.709
96	65	161	Tb	-67468.186
95	66	161	Dy	-68061.133
94	67	161	Ho	-67202.843
93	68	161	Er	-65208.95
92	69	161	Tm	-61898.708
91	70	161	Yb	-57844.214
90	71	161	Lu	-52562.344
89	72	161	Hf	-46318.685
88	73	161	Ta	-38734.01
87	74	161	W	-30407.01
86	75	161	Re	-20875.601
101	61	162	Pm	-46305.01
100	62	162	Sm	-54753.01
99	63	162	Eu	-58647.01
98	64	162	Gd	-64287.29
97	65	162	Tb	-65681.287
96	66	162	Dy	-68186.808
95	67	162	Ho	-66047.112
94	68	162	Er	-66342.62
93	69	162	Tm	-61483.558
92	70	162	Yb	-59831.527
91	71	162	Lu	-52836.866
90	72	162	Hf	-49173.105
89	73	162	Ta	-39782.377
88	74	162	W	-34001.937
87	75	162	Re	-22354.01
86	76	162	Os	-14503.01
102	61	163	Pm	-43147.01
101	62	163	Sm	-50897.01
100	63	163	Eu	-56626.01
99	64	163	Gd	-61488.01
98	65	163	Tb	-64601.404
97	66	163	Dy	-66386.498
96	67	163	Ho	-66383.942
95	68	163	Er	-65174.074
94	69	163	Tm	-62735.074
93	70	163	Yb	-59304.213
92	71	163	Lu	-54791.409
91	72	163	Hf	-49286.28
90	73	163	Ta	-42541.078
89	74	163	W	-34909.095
88	75	163	Re	-26006.814
87	76	163	Os	-16124.01
102	62	164	Sm	-48177.01
101	63	164	Eu	-53104.01
100	64	164	Gd	-59746.01
99	65	164	Tb	-62083.294
98	66	164	Dy	-65973.294
97	67	164	Ho	-64987.069
96	68	164	Er	-65949.562
95	69	164	Tm	-61888.462
94	70	164	Yb	-61022.716
93	71	164	Lu	-54642.37
92	72	164	Hf	-51821.541
91	73	164	Ta	-43282.801
90	74	164	W	-38233.747
89	75	164	Re	-27644.01
88	76	164	Os	-20459.661
87	77	164	Ir	-7265.01
103	62	165	Sm	-43799.01
102	63	165	Eu	-50561.01
101	64	165	Gd	-56467.01
100	65	165	Tb	-60659.01
99	66	165	Dy	-63617.935
98	67	165	Ho	-64904.574
97	68	165	Er	-64528.312
96	69	165	Tm	-62935.934
95	70	165	Yb	-60287.224
94	71	165	Lu	-56442.273
93	72	165	Hf	-51635.507
92	73	165	Ta	-45855.107
91	74	165	W	-38861.977
90	75	165	Re	-30656.812
89	76	165	Os	-21646.01
88	77	165	Ir	-11625.01
103	63	166	Eu	-46603.01
102	64	166	Gd	-54399.01
101	65	166	Tb	-57760.118
100	66	166	Dy	-62590.118
99	67	166	Ho	-63076.897
98	68	166	Er	-64931.595
97	69	166	Tm	-61893.929
96	70	166	Yb	-61588.481
95	71	166	Lu	-56020.981
94	72	166	Hf	-53858.984
93	73	166	Ta	-46097.776
92	74	166	W	-41891.844
91	75	166	Re	-31850.01
90	76	166	Os	-25438.4
89	77	166	Ir	-13205.01
88	78	166	Pt	-4792.01
104	63	167	Eu	-43585.01
103	64	167	Gd	-50701.01
102	65	167	Tb	-55843.01
101	66	167	Dy	-59936.551
100	67	167	Ho	-62286.551
99	68	167	Er	-63296.733
98	69	167	Tm	-62548.311
97	70	167	Yb	-60594.053
96	71	167	Lu	-57501.125
95	72	167	Hf	-53467.756
94	73	167	Ta	-48351.06
93	74	167	W	-42088.612
92	75	167	Re	-34837.01
91	76	167	Os	-26502.896
90	77	167	Ir	-17078.797
89	78	167	Pt	-6540.01
104	64	168	Gd	-48102.01
103	65	168	Tb	-52499.01
102	66	168	Dy	-58564.175
101	67	168	Ho	-60066.731
100	68	168	Er	-62996.731
99	69	168	Tm	-61317.664
98	70	168	Yb	-61574.646
97	71	168	Lu	-57064.151
96	72	168	Hf	-55360.552
95	73	168	Ta	-48393.908
94	74	168	W	-44890.192
93	75	168	Re	-35794.885
92	76	168	Os	-29990.68
91	77	168	Ir	-18741.01
90	78	168	Pt	-11037.512
105	64	169	Gd	-43901.01
104	65	169	Tb	-50096.01
103	66	169	Dy	-55603.099
102	67	169	Ho	-58803.099
101	68	169	Er	-60928.684
100	69	169	Tm	-61279.963
99	70	169	Yb	-60370.311
98	71	169	Lu	-58077.311
97	72	169	Hf	-54716.89
96	73	169	Ta	-50290.43
95	74	169	W	-44917.768
94	75	169	Re	-38385.847
93	76	169	Os	-30721.352
92	77	169	Ir	-22081.119
91	78	169	Pt	-12375.01
90	79	169	Au	-1788.01
105	65	170	Tb	-46342.01
104	66	170	Dy	-53663.01
103	67	170	Ho	-56244.606
102	68	170	Er	-60114.606
101	69	170	Tm	-59800.614
100	70	170	Yb	-60768.957
99	71	170	Lu	-57310.199
98	72	170	Hf	-56253.855
97	73	170	Ta	-50137.665
96	74	170	W	-47293.364
95	75	170	Re	-38917.754
94	76	170	Os	-33927.78
93	77	170	Ir	-23320.01
92	78	170	Pt	-16305.533
91	79	170	Au	-3612.01
106	65	171	Tb	-43501.01
105	66	171	Dy	-50114.01
104	67	171	Ho	-54524.862
103	68	171	Er	-57724.862
102	69	171	Tm	-59215.595
101	70	171	Yb	-59312.137
100	71	171	Lu	-57833.542
99	72	171	Hf	-55431.345
98	73	171	Ta	-51720.273
97	74	171	W	-47086.091
96	75	171	Re	-41250.281
95	76	171	Os	-34293.12
94	77	171	Ir	-26430.172
93	78	171	Pt	-17470.596
92	79	171	Au	-7564.773
91	80	171	Hg	3502.01
106	66	172	Dy	-47730.01
105	67	172	Ho	-51400.01
104	68	172	Er	-56489.417
103	69	172	Tm	-57379.99
102	70	172	Yb	-59260.28
101	71	172	Lu	-56741.334
100	72	172	Hf	-56403.544
99	73	172	Ta	-51329.977
98	74	172	W	-49097.186
97	75	172	Re	-41523.244
96	76	172	Os	-37238.053
95	77	172	Ir	-27520.01
94	78	172	Pt	-21101.014
93	79	172	Au	-9282.01
92	80	172	Hg	-1087.345
107	66	173	Dy	-43780.01
106	67	173	Ho	-49099.01
105	68	173	Er	-53654.01
104	69	173	Tm	-56258.878
103	70	173	Yb	-57556.282
102	71	173	Lu	-56885.778
101	72	173	Hf	-55411.784
100	73	173	Ta	-52396.538
99	74	173	W	-48727.383
98	75	173	Re	-43553.865
97	76	173	Os	-37438.225
96	77	173	Ir	-30271.935
95	78	173	Pt	-21941.57
94	79	173	Au	-12819.798
93	80	173	Hg	-2569.01
107	67	174	Ho	-45503.01
106	68	174	Er	-51949.01
105	69	174	Tm	-53869.598
104	70	174	Yb	-56949.598
103	71	174	Lu	-55575.279
102	72	174	Hf	-55846.626
101	73	174	Ta	-51740.766
100	74	174	W	-50227.088
99	75	174	Re	-43673.097
98	76	174	Os	-39996.301
97	77	174	Ir	-30868.738
96	78	174	Pt	-25319.155
95	79	174	Au	-14195.01
94	80	174	Hg	-6647.425
108	67	175	Ho	-42802.01
107	68	175	Er	-48652.01
106	69	175	Tm	-52315.634
105	70	175	Yb	-54700.634
104	71	175	Lu	-55170.695
103	72	175	Hf	-54483.847
102	73	175	Ta	-52408.647
101	74	175	W	-49632.795
100	75	175	Re	-45288.307
99	76	175	Os	-40104.697
98	77	175	Ir	-33428.622
97	78	175	Pt	-25690.09
96	79	175	Au	-17443.057
95	80	175	Hg	-7989.172
108	68	176	Er	-46500.01
107	69	176	Tm	-49374.133
106	70	176	Yb	-53494.133
105	71	176	Lu	-53387.359
104	72	176	Hf	-54577.509
103	73	176	Ta	-51365.374
102	74	176	W	-50641.603
101	75	176	Re	-45062.886
100	76	176	Os	-42097.94
99	77	176	Ir	-33861.029
98	78	176	Pt	-28927.898
97	79	176	Au	-18537.01
96	80	176	Hg	-11779.132
95	81	176	Tl	550.01
109	68	177	Er	-42802.01
108	69	177	Tm	-47469.01
107	70	177	Yb	-50989.216
106	71	177	Lu	-52389.034
105	72	177	Hf	-52889.623
104	73	177	Ta	-51723.623
103	74	177	W	-49701.726
102	75	177	Re	-46269.17
101	76	177	Os	-41949.53
100	77	177	Ir	-36047.421
99	78	177	Pt	-29370.489
98	79	177	Au	-21550.199
97	80	177	Hg	-12780.882
96	81	177	Tl	-3327.962
109	69	178	Tm	-44116.01
108	70	178	Yb	-49698.297
107	71	178	Lu	-50343.004
106	72	178	Hf	-52444.262
105	73	178	Ta	-50507.262
104	74	178	W	-50415.962
103	75	178	Re	-45653.453
102	76	178	Os	-43546.189
101	77	178	Ir	-36251.884
100	78	178	Pt	-31998.007
99	79	178	Au	-22326.122
98	80	178	Hg	-16316.846
97	81	178	Tl	-4754.01
96	82	178	Pb	3567.8
110	69	179	Tm	-41601.01
109	70	179	Yb	-46416.01
108	71	179	Lu	-49064.17
107	72	179	Hf	-50471.936
106	73	179	Ta	-50366.314
105	74	179	W	-49303.561
104	75	179	Re	-46586.212
103	76	179	Os	-43020.103
102	77	179	Ir	-38077.364
101	78	179	Pt	-32263.781
100	79	179	Au	-24952.104
99	80	179	Hg	-16921.649
98	81	179	Tl	-8300.467
97	82	179	Pb	2003.01
110	70	180	Yb	-44404.01
109	71	180	Lu	-46685.398
108	72	180	Hf	-49788.398
107	73	180	Ta	-48936.195
106	74	180	W	-49644.477
105	75	180	Re	-45839.673
104	76	180	Os	-44358.859
103	77	180	Ir	-37977.526
102	78	180	Pt	-34435.958
101	79	180	Au	-25596.408
100	80	180	Hg	-20244.723
99	81	180	Tl	-9403.01
98	82	180	Pb	-1939.209
111	70	181	Yb	-40846.01
110	71	181	Lu	-44740.01
109	72	181	Hf	-47411.884
108	73	181	Ta	-48441.634
107	74	181	W	-48253.952
106	75	181	Re	-46511.436
105	76	181	Os	-43552.934
104	77	181	Ir	-39471.782
103	78	181	Pt	-34374.658
102	79	181	Au	-27871.187
101	80	181	Hg	-20661.178
100	81	181	Tl	-12801.105
99	82	181	Pb	-3144.762
111	71	182	Lu	-41880.01
110	72	182	Hf	-46058.563
109	73	182	Ta	-46433.254
108	74	182	W	-48247.518
107	75	182	Re	-45447.518
106	76	182	Os	-44609.074
105	77	182	Ir	-39051.679
104	78	182	Pt	-36169.301
103	79	182	Au	-28300.768
102	80	182	Hg	-23576.146
101	81	182	Tl	-13351.007
100	82	182	Pb	-6826.135
112	71	183	Lu	-39523.01
111	72	183	Hf	-43286.117
110	73	183	Ta	-45296.117
109	74	183	W	-46367.023
108	75	183	Re	-45811.023
107	76	183	Os	-43662.754
106	77	183	Ir	-40197.266
105	78	183	Pt	-35772.441
104	79	183	Au	-30186.894
103	80	183	Hg	-23799.819
102	81	183	Tl	-16587.297
101	82	183	Pb	-7568.734
113	71	184	Lu	-36412.01
112	72	184	Hf	-41501.304
111	73	184	Ta	-42841.304
110	74	184	W	-45707.304
109	75	184	Re	-44226.631
108	76	184	Os	-44256.145
107	77	184	Ir	-39610.851
106	78	184	Pt	-37332.183
105	79	184	Au	-30318.71
104	80	184	Hg	-26349.123
103	81	184	Tl	-16885.078
102	82	184	Pb	-11045.339
101	83	184	Bi	1047.01
113	72	185	Hf	-38359.01
112	73	185	Ta	-41396.176
111	74	185	W	-43389.676
110	75	185	Re	-43822.152
109	76	185	Os	-42809.355
108	77	185	Ir	-40335.554
107	78	185	Pt	-36683.166
106	79	185	Au	-31866.958
105	80	185	Hg	-26175.833
104	81	185	Tl	-19755.772
103	82	185	Pb	-11541.263
102	83	185	Bi	-2213.01
114	72	186	Hf	-36431.01
113	73	186	Ta	-38608.542
112	74	186	W	-42509.542
111	75	186	Re	-41930.192
110	76	186	Os	-42999.479
109	77	186	Ir	-39172.952
108	78	186	Pt	-37864.474
107	79	186	Au	-31714.853
106	80	186	Hg	-28539.309
105	81	186	Tl	-20190.133
104	82	186	Pb	-14681.328
103	83	186	Bi	-3169.291
115	72	187	Hf	-32984.01
114	73	187	Ta	-36766.01
113	74	187	W	-39904.768
112	75	187	Re	-41215.714
111	76	187	Os	-41218.183
110	77	187	Ir	-39715.774
109	78	187	Pt	-36712.973
108	79	187	Au	-33005.122
107	80	187	Hg	-28117.858
106	81	187	Tl	-22443.512
105	82	187	Pb	-14979.941
104	83	187	Bi	-6373.435
116	72	188	Hf	-30879.01
115	73	188	Ta	-33813.01
114	74	188	W	-38667.15
113	75	188	Re	-39016.15
112	76	188	Os	-41136.426
111	77	188	Ir	-38328.071
110	78	188	Pt	-37822.95
109	79	188	Au	-32300.802
108	80	188	Hg	-30201.784
107	81	188	Tl	-22346.744
106	82	188	Pb	-17815.439
105	83	188	Bi	-7204.962
104	84	188	Po	-538.359
116	73	189	Ta	-31829.01
115	74	189	W	-35477.935
114	75	189	Re	-37977.935
113	76	189	Os	-38985.38
112	77	189	Ir	-38453.064
111	78	189	Pt	-36483.186
110	79	189	Au	-33581.955
109	80	189	Hg	-29630.792
108	81	189	Tl	-24602.221
107	82	189	Pb	-17878.165
106	83	189	Bi	-10061.055
105	84	189	Po	-1415.347
117	73	190	Ta	-28662.01
116	74	190	W	-34296.326
115	75	190	Re	-35566.326
114	76	190	Os	-38706.326
113	77	190	Ir	-36751.194
112	78	190	Pt	-37323.422
111	79	190	Au	-32881.422
110	80	190	Hg	-31370.436
109	81	190	Tl	-24333.279
108	82	190	Pb	-20416.935
107	83	190	Bi	-10903.017
106	84	190	Po	-4563.217
117	74	191	W	-31112.01
116	75	191	Re	-34348.616
115	76	191	Os	-36393.733
114	77	191	Ir	-36706.409
113	78	191	Pt	-35697.96
112	79	191	Au	-33809.297
111	80	191	Hg	-30592.96
110	81	191	Tl	-26281.028
109	82	191	Pb	-20246.022
108	83	191	Bi	-13240.145
107	84	191	Po	-5053.834
118	74	192	W	-29649.01
117	75	192	Re	-31708.01
116	76	192	Os	-35880.506
115	77	192	Ir	-34833.207
114	78	192	Pt	-36292.864
113	79	192	Au	-32776.523
112	80	192	Hg	-32011.418
111	81	192	Tl	-25872.246
110	82	192	Pb	-22555.968
109	83	192	Bi	-13545.828
108	84	192	Po	-8071.257
118	75	193	Re	-30302.01
117	76	193	Os	-33392.604
116	77	193	Ir	-34533.808
115	78	193	Pt	-34477.014
114	79	193	Au	-33394.325
113	80	193	Hg	-31050.961
112	81	193	Tl	-27318.856
111	82	193	Pb	-22194.49
110	83	193	Bi	-15872.871
109	84	193	Po	-8359.902
108	85	193	At	-146.14
119	75	194	Re	-27554.01
118	76	194	Os	-32432.681
117	77	194	Ir	-32529.281
116	78	194	Pt	-34763.121
115	79	194	Au	-32262.062
114	80	194	Hg	-32192.983
113	81	194	Tl	-26827.027
112	82	194	Pb	-24207.6
111	83	194	Bi	-15990.063
110	84	194	Po	-11005.037
109	85	194	At	-1187.575
119	76	195	Os	-29689.824
118	77	195	Ir	-31689.824
117	78	195	Pt	-32796.847
116	79	195	Au	-32570.023
115	80	195	Hg	-31000.015
114	81	195	Tl	-28155.026
113	82	195	Pb	-23713.927
112	83	195	Bi	-18023.722
111	84	195	Po	-11074.785
110	85	195	At	-3476.244
109	86	195	Rn	5065.181
120	76	196	Os	-28280.779
119	77	196	Ir	-29438.431
118	78	196	Pt	-32647.448
117	79	196	Au	-31140.018
116	80	196	Hg	-31826.683
115	81	196	Tl	-27496.631
114	82	196	Pb	-25360.754
113	83	196	Bi	-18009.031
112	84	196	Po	-13474.451
111	85	196	At	-3923.38
110	86	196	Rn	1970.318
120	77	197	Ir	-28267.783
119	78	197	Pt	-30422.425
118	79	197	Au	-31141.091
117	80	197	Hg	-30540.979
116	81	197	Tl	-28341.16
115	82	197	Pb	-24748.749
114	83	197	Bi	-19687.634
113	84	197	Po	-13357.968
112	85	197	At	-6344.205
111	86	197	Rn	1475.814
121	77	198	Ir	-25821.01
120	78	198	Pt	-29907.673
119	79	198	Au	-29582.104
118	80	198	Hg	-30954.447
117	81	198	Tl	-27494.447
116	82	198	Pb	-26050.199
115	83	198	Bi	-19369.486
114	84	198	Po	-15473.405
113	85	198	At	-6672.103
112	86	198	Rn	-1230.817
122	77	199	Ir	-24400.873
121	78	199	Pt	-27392.356
120	79	199	Au	-29095.035
119	80	199	Hg	-29547.053
118	81	199	Tl	-28059.394
117	82	199	Pb	-25227.978
116	83	199	Bi	-20798.434
115	84	199	Po	-15214.964
114	85	199	At	-8819.148
113	86	199	Rn	-1518.058
112	87	199	Fr	6760.921
122	78	200	Pt	-26602.838
121	79	200	Au	-27268.884
120	80	200	Hg	-29504.137
119	81	200	Tl	-27048.096
118	82	200	Pb	-26243.283
117	83	200	Bi	-20370.07
116	84	200	Po	-16954.491
115	85	200	At	-8987.739
114	86	200	Rn	-4006.076
113	87	200	Fr	6122.235
123	78	201	Pt	-23741.111
122	79	201	Au	-26401.111
121	80	201	Hg	-27663.259
120	81	201	Tl	-27182.028
119	82	201	Pb	-25257.915
118	83	201	Bi	-21415.944
117	84	201	Po	-16524.923
116	85	201	At	-10789.496
115	86	201	Rn	-4072.179
114	87	201	Fr	3596.375
124	78	202	Pt	-22598.01
123	79	202	Au	-24399.705
122	80	202	Hg	-27345.859
121	81	202	Tl	-25983.272
120	82	202	Pb	-25933.6
119	83	202	Bi	-20732.892
118	84	202	Po	-17924.235
117	85	202	At	-10590.867
116	86	202	Rn	-6275.017
115	87	202	Fr	3141.787
114	88	202	Ra	9213.115
124	79	203	Au	-23143.394
123	80	203	Hg	-25269.119
122	81	203	Tl	-25761.192
121	82	203	Pb	-24786.57
120	83	203	Bi	-21539.866
119	84	203	Po	-17307.062
118	85	203	At	-12163.464
117	86	203	Rn	-6160.261
116	87	203	Fr	861.303
115	88	203	Ra	8636.458
125	79	204	Au	-20750.01
124	80	204	Hg	-24690.242
123	81	204	Tl	-24345.972
122	82	204	Pb	-25109.735
121	83	204	Bi	-20667.303
120	84	204	Po	-18333.551
119	85	204	At	-11875.313
118	86	204	Rn	-7984.077
117	87	204	Fr	608.456
116	88	204	Ra	6054.402
126	79	205	Au	-18751.01
125	80	205	Hg	-22287.497
124	81	205	Tl	-23820.592
123	82	205	Pb	-23770.091
122	83	205	Bi	-21061.67
121	84	205	Po	-17508.993
120	85	205	At	-12971.536
119	86	205	Rn	-7713.889
118	87	205	Fr	-1309.717
117	88	205	Ra	5839.136
126	80	206	Hg	-20945.512
125	81	206	Tl	-22253.094
124	82	206	Pb	-23785.44
123	83	206	Bi	-20027.931
122	84	206	Po	-18181.739
121	85	206	At	-12419.576
120	86	206	Rn	-9115.503
119	87	206	Fr	-1242.551
118	88	206	Ra	3565.079
117	89	206	Ac	13511.303
127	80	207	Hg	-16218.666
126	81	207	Tl	-21033.666
125	82	207	Pb	-22451.905
124	83	207	Bi	-20054.433
123	84	207	Po	-17145.849
122	85	207	At	-13242.582
121	86	207	Rn	-8631.014
120	87	207	Fr	-2841.602
119	88	207	Ra	3537.912
118	89	207	Ac	11131.119
128	80	208	Hg	-13097.01
127	81	208	Tl	-16749.473
126	82	208	Pb	-21748.455
125	83	208	Bi	-18870.022
124	84	208	Po	-17469.516
123	85	208	At	-12491.356
122	86	208	Rn	-9647.976
121	87	208	Fr	-2665.206
120	88	208	Ra	1713.894
119	89	208	Ac	10760.201
129	80	209	Hg	-8346.01
128	81	209	Tl	-13638.048
127	82	209	Pb	-17614.44
126	83	209	Bi	-18258.461
125	84	209	Po	-16365.944
124	85	209	At	-12879.634
123	86	209	Rn	-8928.61
122	87	209	Fr	-3769.239
121	88	209	Ra	1854.952
120	89	209	Ac	8844.409
119	90	209	Th	16502.052
130	80	210	Hg	-5114.01
129	81	210	Tl	-9246.298
128	82	210	Pb	-14728.292
127	83	210	Bi	-14791.778
126	84	210	Po	-15953.071
125	85	210	At	-11971.83
124	86	210	Rn	-9597.913
123	87	210	Fr	-3346.17
122	88	210	Ra	461.069
121	89	210	Ac	8789.565
120	90	210	Th	14042.591
130	81	211	Tl	-6076.01
129	82	211	Pb	-10491.45
128	83	211	Bi	-11858.421
127	84	211	Po	-12432.507
126	85	211	At	-11647.148
125	86	211	Rn	-8755.556
124	87	211	Fr	-4157.682
123	88	211	Ra	836.47
122	89	211	Ac	7204.953
121	90	211	Th	13905.728
131	81	212	Tl	-1651.01
130	82	212	Pb	-7547.389
129	83	212	Bi	-8117.295
128	84	212	Po	-10369.42
127	85	212	At	-8621.19
126	86	212	Rn	-8659.606
125	87	212	Fr	-3537.587
124	88	212	Ra	-191.422
123	89	212	Ac	7278.529
122	90	212	Th	12091.061
121	91	212	Pa	21614.516
131	82	213	Pb	-3184.313
130	83	213	Bi	-5230.649
129	84	213	Po	-6653.4
128	85	213	At	-6579.472
127	86	213	Rn	-5698.258
126	87	213	Fr	-3549.848
125	88	213	Ra	357.656
124	89	213	Ac	6154.98
123	90	213	Th	12118.868
122	91	213	Pa	19663.224
132	82	214	Pb	-181.261
131	83	214	Bi	-1200.193
130	84	214	Po	-4469.913
129	85	214	At	-3379.708
128	86	214	Rn	-4319.753
127	87	214	Fr	-958.372
126	88	214	Ra	100.503
125	89	214	Ac	6428.984
124	90	214	Th	10711.967
123	91	214	Pa	19485.38
133	82	215	Pb	4477.01
132	83	215	Bi	1648.537
131	84	215	Po	-540.277
130	85	215	At	-1255.123
129	86	215	Rn	-1168.574
128	87	215	Fr	318.103
127	88	215	Ra	2533.509
126	89	215	Ac	6011.514
125	90	215	Th	10926.733
124	91	215	Pa	17871.519
133	83	216	Bi	5873.948
132	84	216	Po	1783.844
131	85	216	At	2257.25
130	86	216	Rn	255.574
129	87	216	Fr	2978.909
128	88	216	Ra	3291.002
127	89	216	Ac	8122.698
126	90	216	Th	10304.294
125	91	216	Pa	17800.445
134	83	217	Bi	8821.01
133	84	217	Po	5900.825
132	85	217	At	4395.555
131	86	217	Rn	3658.607
130	87	217	Fr	4314.635
129	88	217	Ra	5887.347
128	89	217	Ac	8706.595
127	90	217	Th	12215.918
126	91	217	Pa	17068.683
125	92	217	U	22699.383
135	83	218	Bi	13335.01
134	84	218	Po	8358.331
133	85	218	At	8098.722
132	86	218	Rn	5217.537
131	87	218	Fr	7059.162
130	88	218	Ra	6651.082
129	89	218	Ac	10843.944
128	90	218	Th	12374.432
127	91	218	Pa	18668.9
126	92	218	U	21923.337
135	84	219	Po	12802.01
134	85	219	At	10397.048
133	86	219	Rn	8830.754
132	87	219	Fr	8618.322
131	88	219	Ra	9394.19
130	89	219	Ac	11569.518
129	90	219	Th	14472.525
128	91	219	Pa	18521.029
127	92	219	U	23212.048
136	84	220	Po	15465.01
135	85	220	At	14352.164
134	86	220	Rn	10613.426
133	87	220	Fr	11482.904
132	88	220	Ra	10272.874
131	89	220	Ac	13751.627
130	90	220	Th	14668.946
129	91	220	Pa	20376.714
128	92	220	U	23029.01
136	85	221	At	16813.01
135	86	221	Rn	14472.42
134	87	221	Fr	13278.226
133	88	221	Ra	12963.917
132	89	221	Ac	14523.155
131	90	221	Th	16937.984
130	91	221	Pa	20379.211
129	92	221	U	24591.01
137	85	222	At	20800.01
136	86	222	Rn	16373.558
135	87	222	Fr	16349.332
134	88	222	Ra	14321.283
133	89	222	Ac	16621.441
132	90	222	Th	17202.945
131	91	222	Pa	22116.01
130	92	222	U	24299.01
138	85	223	At	23464.01
137	86	223	Rn	20297.01
136	87	223	Fr	18383.833
135	88	223	Ra	17234.662
134	89	223	Ac	17826.437
133	90	223	Th	19385.739
132	91	223	Pa	22320.714
131	92	223	U	25838.34
138	86	224	Rn	22440.01
137	87	224	Fr	21657.19
136	88	224	Ra	18827.19
135	89	224	Ac	20234.72
134	90	224	Th	19996.285
133	91	224	Pa	23870.222
132	92	224	U	25713.685
139	86	225	Rn	26492.01
138	87	225	Fr	23814.031
137	88	225	Ra	21994.031
136	89	225	Ac	21638.22
135	90	225	Th	22310.233
134	91	225	Pa	24340.57
133	92	225	U	27377.277
132	93	225	Np	31590.626
140	86	226	Rn	28774.01
139	87	226	Fr	27373.099
138	88	226	Ra	23669.099
137	89	226	Ac	24310.214
136	90	226	Th	23197.06
135	91	226	Pa	26033.165
134	92	226	U	27328.826
133	93	226	Np	32738.01
141	86	227	Rn	32981.01
140	87	227	Fr	29654.986
139	88	227	Ra	27178.986
138	89	227	Ac	25850.941
137	90	227	Th	25806.176
136	91	227	Pa	26831.753
135	92	227	U	29021.97
134	93	227	Np	32562.04
142	86	228	Rn	35384.01
141	87	228	Fr	33282.01
140	88	228	Ra	28941.792
139	89	228	Ac	28895.981
138	90	228	Th	26772.188
137	91	228	Pa	28924.171
136	92	228	U	29224.699
135	93	228	Np	33701.01
134	94	228	Pu	36088.247
142	87	229	Fr	35816.157
141	88	229	Ra	32562.774
140	89	229	Ac	30753.502
139	90	229	Th	29586.514
138	91	229	Pa	29897.971
137	92	229	U	31210.582
136	93	229	Np	33779.521
135	94	229	Pu	37399.683
143	87	230	Fr	39598.01
142	88	230	Ra	34517.809
141	89	230	Ac	33807.809
140	90	230	Th	30863.976
139	91	230	Pa	32174.506
138	92	230	U	31614.706
137	93	230	Np	35236.181
136	94	230	Pu	36933.632
144	87	231	Fr	42328.01
143	88	231	Ra	38396.01
142	89	231	Ac	35917.278
141	90	231	Th	33817.278
140	91	231	Pa	33425.722
139	92	231	U	33807.368
138	93	231	Np	35625.068
137	94	231	Pu	38285.435
136	95	231	Am	42439.01
145	87	232	Fr	46363.01
144	88	232	Ra	40649.01
143	89	232	Ac	39148.307
142	90	232	Th	35448.307
141	91	232	Pa	35947.837
140	92	232	U	34610.734
139	93	232	Np	37361.01
138	94	232	Pu	38365.534
137	95	232	Am	43398.01
145	88	233	Ra	44767.01
144	89	233	Ac	41498.01
143	90	233	Th	38733.238
142	91	233	Pa	37490.098
141	92	233	U	36919.958
140	93	233	Np	37949.575
139	94	233	Pu	40051.797
138	95	233	Am	43173.01
137	96	233	Cm	47293.098
146	88	234	Ra	47230.01
145	89	234	Ac	45103.01
144	90	234	Th	40614.285
143	91	234	Pa	40341.197
142	92	234	U	38146.625
141	93	234	Np	39956.471
140	94	234	Pu	40349.597
139	95	234	Am	44534.01
138	96	234	Cm	46723.592
146	89	235	Ac	47722.01
145	90	235	Th	44255.35
144	91	235	Pa	42330.456
143	92	235	U	40920.456
142	93	235	Np	41044.669
141	94	235	Pu	42183.684
140	95	235	Am	44662.01
139	96	235	Cm	47910.01
138	97	235	Bk	52704.01
147	89	236	Ac	51508.01
146	90	236	Th	46454.01
145	91	236	Pa	45346.325
144	92	236	U	42446.325
143	93	236	Np	43379.304
142	94	236	Pu	42902.718
141	95	236	Am	46183.01
140	96	236	Cm	47890.01
139	97	236	Bk	53403.01
147	90	237	Th	50202.01
146	91	237	Pa	47641.875
145	92	237	U	45391.875
144	93	237	Np	44873.275
143	94	237	Pu	45093.307
142	95	237	Am	46571.01
141	96	237	Cm	49277.01
140	97	237	Bk	53098.01
139	98	237	Cf	57818.01
148	90	238	Th	52625.01
147	91	238	Pa	50768.948
146	92	238	U	47308.948
145	93	238	Np	47456.272
144	94	238	Pu	46164.745
143	95	238	Am	48423.087
142	96	238	Cm	49395.914
141	97	238	Bk	54288.01
140	98	238	Cf	57203.01
148	91	239	Pa	53337.01
147	92	239	U	50573.883
146	93	239	Np	49312.385
145	94	239	Pu	48589.877
144	95	239	Am	49391.985
143	96	239	Cm	51192.01
142	97	239	Bk	54287.01
141	98	239	Cf	58145.01
149	91	240	Pa	56803.01
148	92	240	U	52715.098
147	93	240	Np	52314.736
146	94	240	Pu	50126.995
145	95	240	Am	51511.785
144	96	240	Cm	51725.434
143	97	240	Bk	55665.01
142	98	240	Cf	58034.01
141	99	240	Es	64199.01
149	92	241	U	56197.01
148	93	241	Np	54261.791
147	94	241	Pu	52956.791
146	95	241	Am	52936.008
145	96	241	Cm	53703.425
144	97	241	Bk	56103.01
143	98	241	Cf	59361.01
142	99	241	Es	63843.01
150	92	242	U	58620.01
149	93	242	Np	57418.39
148	94	242	Pu	54718.39
147	95	242	Am	55469.685
146	96	242	Cm	54805.218
145	97	242	Bk	57735.01
144	98	242	Cf	59337.614
143	99	242	Es	64967.01
142	100	242	Fm	68400.01
150	93	243	Np	59875.01
149	94	243	Pu	57755.509
148	95	243	Am	57176.109
147	96	243	Cm	57183.593
146	97	243	Bk	58691.176
145	98	243	Cf	60945.01
144	99	243	Es	64783.01
143	100	243	Fm	69259.01
151	93	244	Np	63202.01
150	94	244	Pu	59805.555
149	95	244	Am	59880.951
148	96	244	Cm	58453.651
147	97	244	Bk	60715.501
146	98	244	Cf	61479.247
145	99	244	Es	66027.01
144	100	244	Fm	69009.01
151	94	245	Pu	63106.068
150	95	245	Am	61899.746
149	96	245	Cm	61004.706
148	97	245	Bk	61815.448
147	98	245	Cf	63386.875
146	99	245	Es	66438.01
145	100	245	Fm	70221.01
144	101	245	Md	75292.01
152	94	246	Pu	65395.19
151	95	246	Am	64994.64
150	96	246	Cm	62618.439
149	97	246	Bk	63968.439
148	98	246	Cf	64091.733
147	99	246	Es	67902.01
146	100	246	Fm	70140.589
145	101	246	Md	76276.01
153	94	247	Pu	68996.01
152	95	247	Am	67154.01
151	96	247	Cm	65533.901
150	97	247	Bk	65490.624
149	98	247	Cf	66136.624
148	99	247	Es	68610.01
147	100	247	Fm	71583.01
146	101	247	Md	76043.01
153	95	248	Am	70562.01
152	96	248	Cm	67392.202
151	97	248	Bk	68080.01
150	98	248	Cf	67239.766
149	99	248	Es	70301.01
148	100	248	Fm	71906.414
147	101	248	Md	77149.01
146	102	248	No	80664.01
154	95	249	Am	73104.01
153	96	249	Cm	70750.15
152	97	249	Bk	69849.622
151	98	249	Cf	69725.622
150	99	249	Es	71176.01
149	100	249	Fm	73619.01
148	101	249	Md	77326.01
147	102	249	No	81816.01
154	96	250	Cm	72989.038
153	97	250	Bk	72951.37
152	98	250	Cf	71171.793
151	99	250	Es	73227.01
150	100	250	Fm	74073.581
149	101	250	Md	78636.01
148	102	250	No	81516.01
155	96	251	Cm	76647.617
154	97	251	Bk	75227.617
153	98	251	Cf	74134.617
152	99	251	Es	74512.202
151	100	251	Fm	75986.64
150	101	251	Md	79027.01
149	102	251	No	82914.01
148	103	251	Lr	87896.01
156	96	252	Cm	79056.01
155	97	252	Bk	78534.01
154	98	252	Cf	76033.987
153	99	252	Es	77293.987
152	100	252	Fm	76817.382
151	101	252	Md	80630.01
150	102	252	No	82881.097
149	103	252	Lr	88837.01
156	97	253	Bk	80929.01
155	98	253	Cf	79301.015
154	99	253	Es	79013.697
153	100	253	Fm	79349.538
152	101	253	Md	81301.01
151	102	253	No	84466.01
150	103	253	Lr	88687.01
149	104	253	Rf	93791.01
157	97	254	Bk	84393.01
156	98	254	Cf	81340.767
155	99	254	Es	81991.986
154	100	254	Fm	80904.186
153	101	254	Md	83514.01
152	102	254	No	84724.274
151	103	254	Lr	89847.01
150	104	254	Rf	93320.01
157	98	255	Cf	84809.01
156	99	255	Es	84088.873
155	100	255	Fm	83799.253
154	101	255	Md	84842.994
153	102	255	No	86853.555
152	103	255	Lr	90057.01
151	104	255	Rf	94397.01
150	105	255	Db	100041.01
158	98	256	Cf	87039.01
157	99	256	Es	87186.01
156	100	256	Fm	85486.109
155	101	256	Md	87615.418
154	102	256	No	87823.739
153	103	256	Lr	91872.01
152	104	256	Rf	94235.704
151	105	256	Db	100720.01
158	99	257	Es	89403.01
157	100	257	Fm	88589.481
156	101	257	Md	88996.213
155	102	257	No	90240.522
154	103	257	Lr	92735.01
153	104	257	Rf	95934.01
152	105	257	Db	100342.01
159	99	258	Es	92702.01
158	100	258	Fm	90426.01
157	101	258	Md	91688.184
156	102	258	No	91479.01
155	103	258	Lr	94839.01
154	104	258	Rf	96399.01
153	105	258	Db	101748.01
152	106	258	Sg	105415.01
159	100	259	Fm	93704.01
158	101	259	Md	93624.01
157	102	259	No	94109.01
156	103	259	Lr	95852.01
155	104	259	Rf	98400.01
154	105	259	Db	102101.01
153	106	259	Sg	106656.01
160	100	260	Fm	95644.01
159	101	260	Md	96551.01
158	102	260	No	95611.01
157	103	260	Lr	98276.01
156	104	260	Rf	99149.01
155	105	260	Db	103676.01
154	106	260	Sg	106583.474
153	107	260	Bh	113614.01
160	101	261	Md	98478.01
159	102	261	No	98504.01
158	103	261	Lr	99561.01
157	104	261	Rf	101315.395
156	105	261	Db	104379.01
155	106	261	Sg	108162.01
154	107	261	Bh	113329.01
161	101	262	Md	101407.01
160	102	262	No	99951.01
159	103	262	Lr	102123.01
158	104	262	Rf	102394.01
157	105	262	Db	106269.01
156	106	262	Sg	108424.01
155	107	262	Bh	114473.01
161	102	263	No	102979.01
160	103	263	Lr	103669.01
159	104	263	Rf	104837.01
158	105	263	Db	107111.01
157	106	263	Sg	110216.01
156	107	263	Bh	114606.01
155	108	263	Hs	119751.01
162	102	264	No	104649.01
161	103	264	Lr	106226.01
160	104	264	Rf	106176.01
159	105	264	Db	109361.01
158	106	264	Sg	110784.01
157	107	264	Bh	116068.01
156	108	264	Hs	119599.066
162	103	265	Lr	107903.01
161	104	265	Rf	108709.01
160	105	265	Db	110476.01
159	106	265	Sg	112817.611
158	107	265	Bh	116574.01
157	108	265	Hs	121173.01
156	109	265	Mt	126824.01
163	103	266	Lr	111132.01
162	104	266	Rf	109876.01
161	105	266	Db	112738.01
160	106	266	Sg	113703.01
159	107	266	Bh	118246.01
158	108	266	Hs	121185.01
157	109	266	Mt	127893.01
163	104	267	Rf	113204.01
162	105	267	Db	113994.01
161	106	267	Sg	115901.01
160	107	267	Bh	118906.01
159	108	267	Hs	122761.01
158	109	267	Mt	127901.01
157	110	267	Ea	134453.01
164	104	268	Rf	115174.01
163	105	268	Db	116851.01
162	106	268	Sg	117001.01
161	107	268	Bh	120866.01
160	108	268	Hs	123108.01
159	109	268	Mt	129224.01
158	110	268	Ea	133944.01
164	105	269	Db	118728.01
163	106	269	Sg	119934.01
162	107	269	Bh	121741.01
161	108	269	Hs	124872.01
160	109	269	Mt	129529.01
159	110	269	Ea	135183.01
165	105	270	Db	121757.01
164	106	270	Sg	121400.01
163	107	270	Bh	124463.01
162	108	270	Hs	125426.01
161	109	270	Mt	131021.01
160	110	270	Ea	134806.01
165	106	271	Sg	124329.01
164	107	271	Bh	125919.01
163	108	271	Hs	128226.01
162	109	271	Mt	131470.01
161	110	271	Ea	136056.01
166	106	272	Sg	125898.01
165	107	272	Bh	128576.01
164	108	272	Hs	129526.01
163	109	272	Mt	133891.01
162	110	272	Ea	136293.01
161	111	272	Eb	143091.01
167	106	273	Sg	128751.01
166	107	273	Bh	130053.01
165	108	273	Hs	132259.01
164	109	273	Mt	134986.01
163	110	273	Ea	138665.01
162	111	273	Eb	143154.01
167	107	274	Bh	132682.01
166	108	274	Hs	133325.01
165	109	274	Mt	137388.01
164	110	274	Ea	139251.01
163	111	274	Eb	145046.01
168	107	275	Bh	134368.01
167	108	275	Hs	135953.01
166	109	275	Mt	138463.01
165	110	275	Ea	141751.01
164	111	275	Eb	145445.01
168	108	276	Hs	137123.01
167	109	276	Mt	140801.01
166	110	276	Ea	142551.01
165	111	276	Eb	147636.01
169	108	277	Hs	139576.01
168	109	277	Mt	141978.01
167	110	277	Ea	144984.01
166	111	277	Eb	148591.01
165	112	277	Ec	152712.01
169	109	278	Mt	144207.01
168	110	278	Ea	145750.01
167	111	278	Eb	150533.01
166	112	278	Ec	153056.01
170	109	279	Mt	145493.01
169	110	279	Ea	147978.01
168	111	279	Eb	151338.01
167	112	279	Ec	155136.01
170	110	280	Ea	148848.01
169	111	280	Eb	153206.01
168	112	280	Ec	155596.01
171	110	281	Ea	150959.01
170	111	281	Eb	154043.01
169	112	281	Ec	157689.01
171	111	282	Eb	156012.01
170	112	282	Ec	158135.01
172	111	283	Eb	156878.01
171	112	283	Ec	160023.01
170	113	283	Ed	164363.01
172	112	284	Ec	160574.01
171	113	284	Ed	165881.01
173	112	285	Ec	162177.01
172	113	285	Ed	166488.01
171	114	285	Ee	171114.01
173	113	286	Ed	168117.01
172	114	286	Ee	171260.01
174	113	287	Ed	168643.01
173	114	287	Ee	172884.01
172	115	287	Ef	178088.01
174	114	288	Ee	172968.01
173	115	288	Ef	179305.01
175	114	289	Ee	174449.01
174	115	289	Ef	179513.01
173	116	289	Eg	185239.01
175	115	290	Ef	180842.01
174	116	290	Eg	184985.01
176	115	291	Ef	181068.01
175	116	291	Eg	186309.01
174	117	291	Eh	192413.01
176	116	292	Eg	186100.01
175	117	292	Eh	193330.01
175	118	293	Ei	199964.01 
